1.0 -0.03211221177219131 0.22376734848104846 0.10398688464433067 -0.0014469963053802752 -0.4001461418242241 -0.38059756807195144 0.27250667226149367 -0.07204034624796181 -0.02635875357640969 0.15684877409032255 0.01698355604655069 -0.1668847857658537 0.1783583241373448 0.17070833058580576 0.08771345788070303 -0.09855008378117616 0.3987488150943687 -0.32049232430047575 0.3653107227350264 0.4917251001345918 0.41805000583680313 0.1713799537064576 -0.19896825478115246 0.24780923225511403
-0.03211221177219131 1.0 0.23976067266652115 -0.40447052141533923 -0.20997616182652906 0.46995930738065383 0.3677002410744581 0.15992505279898825 -0.22238637384684928 0.1098350394375071 0.21164039999769568 -0.40861503918383096 0.08414808557638262 -0.24040556910615113 0.3243241175547796 0.1808090284794674 -0.12893548531743138 0.04217022923435844 0.46916348727441903 -0.3186318351056098 0.1485300491240777 -0.40066670656698 0.23382550923672282 0.3832539571432234 0.0968167728860864
0.22376734848104846 0.23976067266652115 1.0000000000000002 -0.036788801750766896 0.14750330429043243 0.2549762217817725 -0.07778236290488913 0.3731243828991457 0.4128439289653677 0.16527705459480788 0.49954141113165607 -0.20137132065386312 0.14696584334934573 0.48219949573529186 0.16066646288898273 0.05873260576261203 0.3107680002908047 0.18606795916475474 0.23271588937557192 -0.13112780430580318 0.29721551319525247 0.13349875038560746 0.3400729182904682 0.28830538976793113 0.20221131389937066
0.10398688464433067 -0.40447052141533923 -0.036788801750766896 1.0 0.6941461824162384 -0.1858929063630736 -0.031813282515277284 0.4575027901663427 0.3364820259990082 -0.47009071453288837 -0.29679303299651777 0.42750593467581693 -0.29526671977469415 0.010661925196217278 -0.17153284369685876 0.20510544373524553 0.5148676784076095 -0.20106898003192966 -0.38055172066618814 0.06530947421364768 0.22092865506762743 0.1834480355379016 -0.09005203483407188 -0.07082004111291279 -0.14644759007984454
-0.0014469963053802752 -0.20997616182652906 0.14750330429043243 0.6941461824162384 1.0000000000000002 -0.11288175720364209 0.23672486822966882 0.6188039561442631 0.4741166346262088 -0.10571307614523624 -0.24799723948787408 0.10865988479715039 -0.056848666107955054 0.022818674930005882 -0.006832348294645234 -0.04823768173367325 0.5846787241222782 -0.27405615642881803 -0.11649311438598609 0.02166518244332641 0.20077033884742246 0.04219481180377946 -0.0390898634272596 -0.07438244601540372 -0.12427799026773347
-0.4001461418242241 0.46995930738065383 0.2549762217817725 -0.1858929063630736 -0.11288175720364209 0.9999999999999999 0.04650136987263307 -0.10139759184313488 -0.0070412233099049525 -0.04001418727287166 0.3010973627870605 -0.1113987030170821 -0.1933429016238746 -0.2677910072200921 0.3454385778625032 0.16374242362460997 0.17501383939026513 0.20531574934428926 0.25998270438226334 -0.38384139012070817 -0.2565807665189104 -0.25481494054135334 0.32786865862495523 0.4599620916847573 0.011147359992776626
-0.38059756807195144 0.3677002410744581 -0.07778236290488913 -0.031813282515277284 0.23672486822966882 0.04650136987263307 0.9999999999999998 0.06111915560105007 0.1065223774904428 -0.036508547805705824 -0.3283344917395309 -0.24220479995481325 0.33875987891573006 -0.1570910903590138 0.12726602260709868 0.16430425175588492 0.23459849249672537 -0.4280356124503291 0.2860628969389153 -0.31787488191026114 -0.033320351418486396 -0.24547243131368138 -0.10754261233661583 -0.00841680753952951 -0.38366273119811234
0.27250667226149367 0.15992505279898825 0.3731243828991457 0.4575027901663427 0.6188039561442631 -0.10139759184313488 0.06111915560105007 0.9999999999999998 0.4774830475388513 -0.164682969474978 -0.087858077058204 0.022431255997841494 0.025888140851159175 0.2295596588349885 0.17139746753338383 0.07909116919160043 0.258339319536785 -0.19798402483042155 -0.1242784582869024 -0.16635726529787564 0.37405258695181937 -0.12185792737618065 0.1895568307205505 0.22844210519998825 -0.1536778566386421
-0.07204034624796181 -0.22238637384684928 0.4128439289653677 0.3364820259990082 0.4741166346262088 -0.0070412233099049525 0.1065223774904428 0.4774830475388513 1.0000000000000002 -0.029255162227492356 0.02350625177512178 0.17385513069967048 0.27114566688273434 0.3388905259109468 0.09518835927112736 -0.10262199304381298 0.4686484676798469 -0.04717035501758537 -0.14392567403405312 -0.12289349038109816 0.11181432047796915 0.16084467150519763 -0.15946939877796015 0.17821546940134306 -0.04060011394386056
-0.02635875357640969 0.1098350394375071 0.16527705459480788 -0.47009071453288837 -0.10571307614523624 -0.04001418727287166 -0.036508547805705824 -0.164682969474978 -0.029255162227492356 0.9999999999999999 0.37229798998609953 -0.0022736353567437534 0.12378420690077639 0.20813516974341076 0.01001302305614423 -0.14632406287662558 -0.006648423474075567 0.03486677860802243 0.10996164205782888 -0.062232810696691905 0.031260497054412126 -0.34962373570285465 -0.12456264238582088 -0.08648878400709252 0.3643057077739239
0.15684877409032255 0.21164039999769568 0.49954141113165607 -0.29679303299651777 -0.24799723948787408 0.3010973627870605 -0.3283344917395309 -0.087858077058204 0.02350625177512178 0.37229798998609953 1.0 0.10817627160907851 -0.02719095441491272 0.32052971513882705 0.2357923490869407 0.0202271200301261 0.17526704151724132 0.5384211025633758 0.21050592985044922 -0.13626336250527746 0.06898916596870236 -0.07488917677448433 0.4571270586286771 0.5525962417221644 0.4475361425260382
0.01698355604655069 -0.40861503918383096 -0.20137132065386312 0.42750593467581693 0.10865988479715039 -0.1113987030170821 -0.24220479995481325 0.022431255997841494 0.17385513069967048 -0.0022736353567437534 0.10817627160907851 1.0000000000000002 -0.14463017855690907 -0.016962808564798766 -0.007657728077861434 0.19125304534022627 0.06524144620881348 -0.0014874749015786135 -0.45172680102268836 -0.2218772786927482 -0.20769088841291655 -0.04879735523579378 -0.12632825875399623 -0.0863018638568083 -0.12224112981383513
-0.1668847857658537 0.08414808557638262 0.14696584334934573 -0.29526671977469415 -0.056848666107955054 -0.1933429016238746 0.33875987891573006 0.025888140851159175 0.27114566688273434 0.12378420690077639 -0.02719095441491272 -0.14463017855690907 0.9999999999999999 0.2225577131934255 0.11188903443198299 -0.14461196302633944 -0.06616139628021975 -0.21899511492067034 0.1616842151902504 -0.22252395376860332 -0.0008251692136480727 0.08744956045517065 -0.23568657660488765 -0.10346459076420292 -0.0705656061807203
0.1783583241373448 -0.24040556910615113 0.48219949573529186 0.010661925196217278 0.022818674930005882 -0.2677910072200921 -0.1570910903590138 0.2295596588349885 0.3388905259109468 0.20813516974341076 0.32052971513882705 -0.016962808564798766 0.2225577131934255 0.9999999999999999 -0.10540903382511652 -0.055093295559597646 0.19066584140582865 0.010647749673348184 -0.28222922242042153 0.1703453659327102 0.10103005628967753 -0.016632532370448577 0.12204182348237069 -0.005577243133044144 -0.0009102009398985014
0.17070833058580576 0.3243241175547796 0.16066646288898273 -0.17153284369685876 -0.006832348294645234 0.3454385778625032 0.12726602260709868 0.17139746753338383 0.09518835927112736 0.01001302305614423 0.2357923490869407 -0.007657728077861434 0.11188903443198299 -0.10540903382511652 0.9999999999999999 -0.02724687817948499 0.06357049852464863 0.4406076576259733 -0.09555043267084418 -0.23668776838178546 0.11597722440995556 0.06335842907447944 0.31396076790040406 0.2556820405227102 -0.1451272692324248
0.08771345788070303 0.1808090284794674 0.05873260576261203 0.20510544373524553 -0.04823768173367325 0.16374242362460997 0.16430425175588492 0.07909116919160043 -0.10262199304381298 -0.14632406287662558 0.0202271200301261 0.19125304534022627 -0.14461196302633944 -0.055093295559597646 -0.02724687817948499 0.9999999999999999 0.01976554234910832 -0.16688014434801324 0.02092777619272501 -0.39842067286813604 0.21150712225057514 -0.11655682876192673 -0.10788808911164145 0.2523057123270655 -0.08737479143041392
-0.09855008378117616 -0.12893548531743138 0.3107680002908047 0.5148676784076095 0.5846787241222782 0.17501383939026513 0.23459849249672537 0.258339319536785 0.4686484676798469 -0.006648423474075567 0.17526704151724132 0.06524144620881348 -0.06616139628021975 0.19066584140582865 0.06357049852464863 0.01976554234910832 1.0000000000000004 0.07913545735624801 -0.09898356138436065 -0.09325868756864987 0.10054835571874064 -0.030280912024831776 0.11169471597145263 0.23630971072502074 0.06872715415736082
0.3987488150943687 0.04217022923435844 0.18606795916475474 -0.20106898003192966 -0.27405615642881803 0.20531574934428926 -0.4280356124503291 -0.19798402483042155 -0.04717035501758537 0.03486677860802243 0.5384211025633758 -0.0014874749015786135 -0.21899511492067034 0.010647749673348184 0.4406076576259733 -0.16688014434801324 0.07913545735624801 1.0000000000000004 -0.18599137096850174 0.23312065493477288 0.07462261755816316 0.38152389904165807 0.2548258075718113 0.22113395807332734 0.39601716247058005
-0.32049232430047575 0.46916348727441903 0.23271588937557192 -0.38055172066618814 -0.11649311438598609 0.25998270438226334 0.2860628969389153 -0.1242784582869024 -0.14392567403405312 0.10996164205782888 0.21050592985044922 -0.45172680102268836 0.1616842151902504 -0.28222922242042153 -0.09555043267084418 0.02092777619272501 -0.09898356138436065 -0.18599137096850174 0.9999999999999998 -0.2616107712762722 0.1522320569566704 -0.12606099911612076 0.24721685067141586 0.3881896478573149 0.18414982139648484
0.3653107227350264 -0.3186318351056098 -0.13112780430580318 0.06530947421364768 0.02166518244332641 -0.38384139012070817 -0.31787488191026114 -0.16635726529787564 -0.12289349038109816 -0.062232810696691905 -0.13626336250527746 -0.2218772786927482 -0.22252395376860332 0.1703453659327102 -0.23668776838178546 -0.39842067286813604 -0.09325868756864987 0.23312065493477288 -0.2616107712762722 0.9999999999999998 0.1818582689886704 0.41152751640281654 0.04780817079662218 -0.3577194878939892 0.35778500232048494
0.4917251001345918 0.1485300491240777 0.29721551319525247 0.22092865506762743 0.20077033884742246 -0.2565807665189104 -0.033320351418486396 0.37405258695181937 0.11181432047796915 0.031260497054412126 0.06898916596870236 -0.20769088841291655 -0.0008251692136480727 0.10103005628967753 0.11597722440995556 0.21150712225057514 0.10054835571874064 0.07462261755816316 0.1522320569566704 0.1818582689886704 1.0 0.3705946872954624 0.09982635218569695 0.07014728868334996 0.434823087353656
0.41805000583680313 -0.40066670656698 0.13349875038560746 0.1834480355379016 0.04219481180377946 -0.25481494054135334 -0.24547243131368138 -0.12185792737618065 0.16084467150519763 -0.34962373570285465 -0.07488917677448433 -0.04879735523579378 0.08744956045517065 -0.016632532370448577 0.06335842907447944 -0.11655682876192673 -0.030280912024831776 0.38152389904165807 -0.12606099911612076 0.41152751640281654 0.3705946872954624 0.9999999999999998 -0.08931070727238949 -0.23932861695336954 0.3079510006361495
0.1713799537064576 0.23382550923672282 0.3400729182904682 -0.09005203483407188 -0.0390898634272596 0.32786865862495523 -0.10754261233661583 0.1895568307205505 -0.15946939877796015 -0.12456264238582088 0.4571270586286771 -0.12632825875399623 -0.23568657660488765 0.12204182348237069 0.31396076790040406 -0.10788808911164145 0.11169471597145263 0.2548258075718113 0.24721685067141586 0.04780817079662218 0.09982635218569695 -0.08931070727238949 0.9999999999999999 0.386269151279357 0.004738528972727401
-0.19896825478115246 0.3832539571432234 0.28830538976793113 -0.07082004111291279 -0.07438244601540372 0.4599620916847573 -0.00841680753952951 0.22844210519998825 0.17821546940134306 -0.08648878400709252 0.5525962417221644 -0.0863018638568083 -0.10346459076420292 -0.005577243133044144 0.2556820405227102 0.2523057123270655 0.23630971072502074 0.22113395807332734 0.3881896478573149 -0.3577194878939892 0.07014728868334996 -0.23932861695336954 0.386269151279357 1.0 0.21825048499638525
0.24780923225511403 0.0968167728860864 0.20221131389937066 -0.14644759007984454 -0.12427799026773347 0.011147359992776626 -0.38366273119811234 -0.1536778566386421 -0.04060011394386056 0.3643057077739239 0.4475361425260382 -0.12224112981383513 -0.0705656061807203 -0.0009102009398985014 -0.1451272692324248 -0.08737479143041392 0.06872715415736082 0.39601716247058005 0.18414982139648484 0.35778500232048494 0.434823087353656 0.3079510006361495 0.004738528972727401 0.21825048499638525 1.0
