0.9999999999999998 0.19473877279472843 -0.2483921962502831 0.4190943189099717 -0.4946872028570128 -0.2609174917394059 -0.7488441397942821 -0.2005388279272939 -0.12338183812076031 0.024361663631771738 -0.3636628623398006 0.2144015305176246 -0.08243708998153643 -0.16758096625793006 0.3589145161220941 -0.044127634035419076 -0.11167976775153204 0.1535615420608278 -0.49485368201281343 0.3700694575414199 -0.5815648319765493 -0.18374344071040138 -0.5941296460388316 -0.08912630330876621 0.13662868054695318 0.3191344300792391 0.27084014132428014 0.17641133776532888 -0.013971568081055303 -0.3215675760786937 -0.5258812000173128 -0.18260518787770116 0.4138796398505756 0.11350510801493488 -0.2565113233462019 -0.11529680578070303 0.31041186646716673 -0.2873846416187767 -0.5105374379853868 0.2501891654476458 -0.23434534344155486 0.02752553526265514 -0.1390498511709288
0.19473877279472843 1.0000000000000002 -0.7046245903089253 -0.06989477071502286 0.1068391200688492 0.041197801410525856 -0.3486001975580138 -0.32426459257904233 -0.11867687721338778 -0.4180219448235103 -0.3458500089643464 0.08124321752707556 -0.15610930944207035 -0.2992370911125341 -0.014835598421218866 0.030991837343355852 -0.5058625978418232 0.26509641881078344 -0.24057251385300082 -0.16620662803948147 0.49784314403368535 -0.1487880501516342 0.2720619939925949 -0.2590066764808137 -0.12025989046856173 0.4278257154532417 0.032302294107732804 0.3197204113131629 0.6294083758524579 -0.1811433840314059 0.06583544166401117 -0.07354493240027028 -0.18436974721923394 0.49421735370934 -0.15929401617010439 0.10291355937672944 -0.8047656463891296 -0.24514939404500533 0.051355765733677256 -0.06486766970542175 0.35662777327694695 0.07511763967662655 -0.18785812023063833
-0.2483921962502831 -0.7046245903089253 1.0 -0.10746888192122922 -0.041631772983434415 -0.03255381251558291 0.4058629533622008 0.47913776370766203 -0.29532584197408684 0.2932986108816198 0.20121179190936878 -0.20692840405027757 0.2388891570849786 0.23370207142716481 -0.08519709938347078 0.3886998501409934 0.3821428093748544 -0.261973861572739 0.2914919477893969 0.395278773469456 -0.46232020160060805 -0.2295622545615851 -0.058339895148988144 0.1285890026314411 0.25830485041310147 -0.2713280012015163 -0.44533083395968925 -0.5972265884502356 -0.3925501798867483 0.6345147310071868 0.30826209776405783 -0.06094261490349287 -0.3054873654211359 -0.021728472177768885 0.021242442668066148 0.32837570356619306 0.4807719781973878 0.3788144175268516 0.308830337871825 -0.11128505365681883 -0.5206767623377165 -0.17613885402130386 0.03946064322134352
0.4190943189099717 -0.06989477071502286 -0.10746888192122922 1.0000000000000002 -0.2997973092758763 -0.19599753258918542 -0.25533432467477507 0.6346803031658953 -0.13895206424245501 0.037968746746691255 0.20612464868822522 0.6114044945367393 -0.31052188611326165 -0.06379853138205782 0.00461982341921747 -0.4761263901148528 0.31854349975209045 0.13568611988731152 -0.27523962770281624 0.4352216824476739 -0.2898750732465236 -0.05483902096449116 -0.009847703723577227 -0.40228629745247263 0.24039823520164916 -0.17205164991842511 0.39134472064865 0.45580118356694177 -0.43536284773993583 -0.02792647841328412 -0.1270245148840076 -0.5074400529079327 0.30675019347804333 -0.060464362450083305 0.1919869628351723 -0.40423294657184355 0.10837150738694207 0.12499325642545804 -0.4024486446974596 -0.216788584569731 -0.32384536550166837 0.06537698570372003 0.07684884491787672
-0.4946872028570128 0.1068391200688492 -0.041631772983434415 -0.2997973092758763 0.9999999999999998 0.4766012642206066 0.04197394719034345 -0.1760715990127238 0.22173086225174024 -0.5558803429124832 0.42114010734615365 -0.3603196736493204 -0.08919361892568402 0.43505900394746133 -0.18708725980369836 0.1709995474180945 0.2853467461013636 0.5100939061996699 0.11869468716390293 -0.1586271333809985 0.4043012272813842 -0.12911219196328125 0.26410244438931285 0.1668975844127231 -0.07898252989049748 -0.48913639292069094 -0.11261876080140432 -0.01956420582967039 -0.19560198295111692 -0.013779224582022229 0.35973026340429765 0.2099506807968298 -0.39548044086905504 0.3045791843973785 -0.24331000314029275 0.40234022225659327 -0.43560978128720207 0.4933833769768358 -0.050529300257930836 -0.5443740041396851 0.5202139506453979 0.0504572764536839 0.43324748140787706
-0.2609174917394059 0.041197801410525856 -0.03255381251558291 -0.19599753258918542 0.4766012642206066 0.9999999999999997 0.10445321848754426 -0.09259515082927185 -0.20402212269606085 0.029713680602443077 0.09772865093773324 -0.4248183399884196 -0.004300527094247566 0.3947582391323177 0.2447785445230671 -0.05304792563356867 0.10460666922673253 -0.05900839282506259 -0.09293171333784096 -0.42476357985014607 0.2040367326463181 -0.15394439903070256 0.32247838300630416 0.37889002308669395 -0.028176254376308666 -0.057986297364777666 -0.15961156248552613 0.05027092111120054 -0.19850414352255236 0.127518107503969 0.2949417863982583 -0.23479930565344412 -0.18929292104240572 0.12260164937347055 0.12831219707447275 0.11783961058951649 -0.3589704659941777 0.555017552634425 0.13915128040671565 -0.049793589848735 0.018349598707070123 0.0008103901954860822 0.11036993427006223
-0.7488441397942821 -0.3486001975580138 0.4058629533622008 -0.25533432467477507 0.04197394719034345 0.10445321848754426 0.9999999999999998 0.31681259684720176 -0.04978724276932957 0.13445538784290875 0.4153936276287693 -0.0629115651004833 -0.06616170837504633 -0.09381609081355285 -0.45417260395338854 0.11661966324831219 0.14262769867416264 -0.16957084607466952 0.26486802046917973 -0.052622903159043735 0.3468996812858497 0.25612728352530695 0.2984453842071449 0.17772896804903848 -0.1364952247403992 -0.041320890305940834 -0.3527360044844269 -0.2936036762036276 -0.17636379728951754 0.44830680300911324 0.31715393129981945 0.2916540816221756 0.035827529374891975 -0.10843802607230035 0.13630033167944539 0.10100200662799456 -0.04699222994024509 0.07584343841380559 0.34557742719081036 0.09538527721147344 -0.050603170885047496 0.32094517827063257 -0.03673570007220958
-0.2005388279272939 -0.32426459257904233 0.47913776370766203 0.6346803031658953 -0.1760715990127238 -0.09259515082927185 0.31681259684720176 1.0 -0.44641676707619943 0.17335847377272462 0.26319045868573776 0.49781945462912364 0.025361231274027157 0.05378774048208095 -0.1452172933428421 -0.1523239997889492 0.2428542492379939 -0.22450797252354826 0.026355979240446414 0.4218818541711298 -0.21790475861468445 -0.19593646495051234 0.30975501948553646 -0.26580589812186867 0.26533043770181053 -0.29915849498388 -0.0835689930961246 -0.05873303901471187 -0.3201930662163071 0.5273274135641169 0.27211766144860666 -0.48942572389902145 -0.2365857059303619 -0.12747864021664593 0.40376541528443194 -0.25761035933496446 0.04728552192536715 0.3071879452440533 0.2351508489621817 -0.30170522240769493 -0.4973595590899588 -0.2196275336996626 0.04151733854576081
-0.12338183812076031 -0.11867687721338778 -0.29532584197408684 -0.13895206424245501 0.22173086225174024 -0.20402212269606085 -0.04978724276932957 -0.44641676707619943 1.0 -0.10407876911611855 0.23528843581067024 -0.15803546172732705 -0.46887038074227505 -0.10247642437095916 -0.009725233592505307 -0.32132110717205864 0.205331620391019 0.19495029407081244 0.34549876314288014 -0.19062445088417074 0.2724456611762846 0.45684578909606666 -0.12900360661769725 0.013015106618476264 -0.21331167981515034 -0.2298992481378916 0.1772830337448068 0.3190292826982355 -0.11871559026664265 -0.3661442796906029 -0.20270738486068174 0.48840996335661374 0.34294596838407726 -0.060283617660364955 -0.29805617739002016 0.06444187937049656 0.18337937013982183 -0.013673497485988473 -0.44363271586752834 0.19787503752840893 0.4756371493008301 0.3517924173090406 -0.04345769312405237
0.024361663631771738 -0.4180219448235103 0.2932986108816198 0.037968746746691255 -0.5558803429124832 0.029713680602443077 0.13445538784290875 0.17335847377272462 -0.10407876911611855 0.9999999999999999 -0.5057317340488652 -0.29771593030975374 0.3825641280386613 0.2735792243945358 0.10059667099712628 -0.003353399060160733 0.09598536559947307 -0.639648418451187 0.3666908079425771 -0.200319567231427 -0.10381522120743214 0.23871958517137185 -0.045437736986571615 0.09485155418135026 -0.07884294151859966 0.4445458920923972 0.18973770760416392 -0.2206529909265227 -0.11336510405638489 -0.05386198273412142 0.181460279983776 -0.46895477009414493 0.19035347103797615 -0.5290477240879784 0.4495065560860087 -0.14553743930787535 0.357010253272075 0.054734645458063266 0.2673008445770053 0.25876163708358063 -0.7086240370304132 -0.17831830994658265 -0.3316000223139923
-0.3636628623398006 -0.3458500089643464 0.20121179190936878 0.20612464868822522 0.42114010734615365 0.09772865093773324 0.4153936276287693 0.26319045868573776 0.23528843581067024 -0.5057317340488652 0.9999999999999999 0.16593020001124836 -0.5852019312161507 -0.18092284654265178 -0.2293565562812299 -0.3159011749802815 0.5665763085063599 0.379086291638195 -0.000368635397870547 0.21882491625413125 0.029639714890384465 0.11595582471643193 0.19161856017598397 -0.15886787062698274 0.15940275006928134 -0.7021728256970091 -0.22229758650734244 0.3064182809737821 -0.582579130712575 0.3643950159322457 0.04909815318827136 0.31257470201098236 0.10044696576141274 0.27292177758630226 -0.21954708614857174 0.1452612866373128 0.08187788995295946 0.38629710938752015 -0.33115267701210804 -0.295637068561004 0.3688588678549738 0.46849398814823434 0.4651223624478349
0.2144015305176246 0.08124321752707556 -0.20692840405027757 0.6114044945367393 -0.3603196736493204 -0.4248183399884196 -0.0629115651004833 0.49781945462912364 -0.15803546172732705 -0.29771593030975374 0.16593020001124836 1.0 -0.13357233038297317 -0.45649894952727677 0.08322241301517695 -0.38424666822725206 -0.3550007505388368 -0.027515403531041163 -0.5060813911852373 0.39458149800061143 -0.2893881305023968 -0.032281676001583735 -0.0931349353061832 -0.2145893678279115 0.08095596601259616 -0.22268705261080804 0.07927584124577143 0.21107321815278066 0.1396287914462772 0.04346463216431304 -0.5303710575617293 0.02953433809540322 0.10598172697046337 -0.19108159149265458 0.1414671313601491 -0.6787644979647453 0.07277806616059834 -0.41584622536697186 -0.14375010997684193 0.13302100454424778 0.09413590320698922 -0.1503198350672357 0.0161689665748762
-0.08243708998153643 -0.15610930944207035 0.2388891570849786 -0.31052188611326165 -0.08919361892568402 -0.004300527094247566 -0.06616170837504633 0.025361231274027157 -0.46887038074227505 0.3825641280386613 -0.5852019312161507 -0.13357233038297317 0.9999999999999999 0.49466816338633723 0.06048850105525979 0.4695187186808495 -0.34694263317123686 -0.3659261981131132 0.1028883713120527 -0.15500318459330117 -0.19892060896954988 -0.19510022646880823 -0.18954520531245247 0.27055153982716285 -0.22744993747386927 0.24614531497644182 0.12293906395152168 -0.6387861921235007 0.3221398220736249 -0.19777561471104307 0.02247530436740697 -0.20626820407943533 -0.34298489254360065 -0.5706843914027476 0.3582627158684229 -0.20772285422247924 0.14330080448532215 -0.22340779162793814 0.4710846745494765 -0.09706366464981721 -0.30071826681483577 -0.6839537235379642 0.11511110826843139
-0.16758096625793006 -0.2992370911125341 0.23370207142716481 -0.06379853138205782 0.43505900394746133 0.3947582391323177 -0.09381609081355285 0.05378774048208095 -0.10247642437095916 0.2735792243945358 -0.18092284654265178 -0.45649894952727677 0.49466816338633723 1.0000000000000002 -0.19752994956123637 0.41670831216344917 0.36351892225567345 0.14973532977177945 0.18282755689724423 -0.22096597740329582 0.0033786605891212916 -0.2857688139774498 -0.031181568419100664 0.49269780426103754 0.08431293371081316 -0.16441725492413203 0.44087798865322714 -0.3983794061233671 -0.33856128602287455 -0.32432956005253255 0.4127093882080741 -0.26674643294679773 -0.15213991942606317 -0.3835778143303467 0.3504475174128747 0.03888022555835581 0.016068209983993307 0.3279773754583338 0.1983863722655981 -0.3703619527100056 -0.3781588488804315 -0.40288897563985143 0.031279822867359725
0.3589145161220941 -0.014835598421218866 -0.08519709938347078 0.00461982341921747 -0.18708725980369836 0.2447785445230671 -0.45417260395338854 -0.1452172933428421 -0.009725233592505307 0.10059667099712628 -0.2293565562812299 0.08322241301517695 0.06048850105525979 -0.19752994956123637 1.0000000000000002 -0.47091332718857415 -0.3745707835181161 -0.5700857118227821 -0.13599386811656028 -0.1278184123142019 -0.4904850278635685 -0.23533640794624455 -0.13158356766710191 -0.0038796853442612787 -0.08564682842585064 0.04284229890371915 -0.2896741886599617 0.21780795636231043 0.22429617214613534 0.15080956121857275 -0.46390975114450117 -0.23853913392566076 -0.17156135573468842 -0.0020594693218460745 -0.05734913094641926 -0.28131541366065255 0.25931706793964115 0.20312297721080458 -0.12966726447398616 0.43623052385534083 0.0367642875969307 -0.30569357780153794 0.10598257845609614
-0.044127634035419076 0.030991837343355852 0.3886998501409934 -0.4761263901148528 0.1709995474180945 -0.05304792563356867 0.11661966324831219 -0.1523239997889492 -0.32132110717205864 -0.003353399060160733 -0.3159011749802815 -0.38424666822725206 0.4695187186808495 0.41670831216344917 -0.47091332718857415 0.9999999999999999 -0.059035866232271715 0.3060670978005544 -0.024996247761808935 0.2426811524432294 -0.004233518739108325 -0.2440234341567373 -0.31513482290084743 0.4597246078397978 -0.03206910747369115 0.2358577017937003 -0.0962451441255993 -0.8374782922807671 0.07714520582018666 -0.04886423706061948 0.25705454633512603 0.25805536808634333 -0.1853567456502499 0.06326272836934066 -0.20100083708308195 0.48652613827020824 -0.06493564897327017 -0.2111503710417443 0.3017154220957808 -0.11982150848185232 -0.23461600734661506 -0.12971520572127157 -0.20203244535154374
-0.11167976775153204 -0.5058625978418232 0.3821428093748544 0.31854349975209045 0.2853467461013636 0.10460666922673253 0.14262769867416264 0.2428542492379939 0.205331620391019 0.09598536559947307 0.5665763085063599 -0.3550007505388368 -0.34694263317123686 0.36351892225567345 -0.3745707835181161 -0.059035866232271715 0.9999999999999999 0.3739725854600922 0.34441745997039214 0.17128211583206218 -0.01600667080312648 0.09589205164583024 0.10435372545251931 -0.16955850404959955 0.28913380588246845 -0.4149678138661003 0.19038985729100388 0.18273034079352074 -0.863655737987327 0.10438395371044207 0.4530220125111228 -0.17983628126776688 0.2161851461219036 0.1426604300440849 -0.04112201323288204 0.39812004495548603 0.23373357977020764 0.6082388390970698 -0.3058846870224562 -0.5181980790279432 -0.22960081063810453 0.37535576060761533 0.265100085453064
0.1535615420608278 0.26509641881078344 -0.261973861572739 0.13568611988731152 0.5100939061996699 -0.05900839282506259 -0.16957084607466952 -0.22450797252354826 0.19495029407081244 -0.639648418451187 0.379086291638195 -0.027515403531041163 -0.3659261981131132 0.14973532977177945 -0.5700857118227821 0.3060670978005544 0.3739725854600922 1.0 -0.2983272475336763 0.31327681466630874 0.21693445135089523 0.010298315879032629 -0.21192669892723667 0.03882541719176659 0.06113103484827876 -0.2204094776744329 0.2819831698565319 0.08649691104241138 -0.3434459799245435 -0.35975206829205775 0.03523980134852963 0.36164258917057646 0.27231706629073427 0.38090041913705 -0.4643560967902516 0.37085867554383234 -0.26017607385357 -0.06457024221480089 -0.49713812549326125 -0.43858930740172325 0.36162889894298617 0.44617797056324543 0.19310433768284316
-0.49485368201281343 -0.24057251385300082 0.2914919477893969 -0.27523962770281624 0.11869468716390293 -0.09293171333784096 0.26486802046917973 0.026355979240446414 0.34549876314288014 0.3666908079425771 -0.000368635397870547 -0.5060813911852373 0.1028883713120527 0.18282755689724423 -0.13599386811656028 -0.024996247761808935 0.34441745997039214 -0.2983272475336763 1.0000000000000002 -0.31619264190236557 0.3140226226836453 0.07632672998434728 0.3853817091312483 -0.26928727399748525 -0.177056368979952 -0.022316492253348655 -0.017962782494749616 0.013076511703308915 0.015093503616409017 0.16725670260482312 0.5414908775335875 -0.1489525253149465 -0.27593628300238554 -0.07878093695564463 0.17852731537487707 0.29605031601967946 0.0636164558483099 0.3653861519728816 0.28217095228242756 -0.21532261101159844 -0.130757286339418 -0.04649594582197074 -0.022383387665572328
0.3700694575414199 -0.16620662803948147 0.395278773469456 0.4352216824476739 -0.1586271333809985 -0.42476357985014607 -0.052622903159043735 0.4218818541711298 -0.19062445088417074 -0.200319567231427 0.21882491625413125 0.39458149800061143 -0.15500318459330117 -0.22096597740329582 -0.1278184123142019 0.2426811524432294 0.17128211583206218 0.31327681466630874 -0.31619264190236557 0.9999999999999999 -0.4861674536749005 -0.038888850058005374 -0.4971562226441966 -0.18030500302425892 -0.013970193191227692 -0.07030052504451688 -0.29044736978529745 -0.27853851708658933 -0.37639048657136853 0.27985538802184523 -0.25724787271016 0.08358823852151664 0.12112580213451711 0.2738381547689395 -0.5472215956359462 0.24376335577495245 0.2933818419244534 -0.016401920394858792 -0.4372501866400164 -0.12014142384149666 -0.15051762557258147 0.23307389787604355 0.173960787831493
-0.5815648319765493 0.49784314403368535 -0.46232020160060805 -0.2898750732465236 0.4043012272813842 0.2040367326463181 0.3468996812858497 -0.21790475861468445 0.2724456611762846 -0.10381522120743214 0.029639714890384465 -0.2893881305023968 -0.19892060896954988 0.0033786605891212916 -0.4904850278635685 -0.004233518739108325 -0.01600667080312648 0.21693445135089523 0.3140226226836453 -0.4861674536749005 1.0 0.37031038299357216 0.5720294193065611 -0.12003567224845126 -0.2806608596226739 0.19761399834148077 0.09744196707763333 0.22655528000930814 0.2249103988762129 -0.1689286155654848 0.5045617264856574 0.09333193143810398 -0.06469309398367047 0.16792129209318873 0.06310302131255854 0.2289736162854966 -0.7637883513374637 0.027433211620531632 0.20837262084781452 -0.2381915149494964 0.39517157559267463 0.32554134848860594 -0.09093930144362766
-0.18374344071040138 -0.1487880501516342 -0.2295622545615851 -0.05483902096449116 -0.12911219196328125 -0.15394439903070256 0.25612728352530695 -0.19593646495051234 0.45684578909606666 0.23871958517137185 0.11595582471643193 -0.032281676001583735 -0.19510022646880823 -0.2857688139774498 -0.23533640794624455 -0.2440234341567373 0.09589205164583024 0.010298315879032629 0.07632672998434728 -0.038888850058005374 0.37031038299357216 1.0000000000000002 -0.12473050181784419 -0.15783146024405487 -0.3881980747253649 0.14343004147734018 0.04167504156491268 0.15121604722880033 -0.1756082700393469 -0.2809249201182808 -0.18001360038536335 0.271319345718127 0.48116021864449465 -0.20540306090517965 -0.1956170385470417 0.030860476690163625 0.09873993028277123 -0.22740533571896696 -0.3114109225701767 0.08275918086167912 0.34681665860706873 0.48778626443536666 0.15280031991335755
-0.5941296460388316 0.2720619939925949 -0.058339895148988144 -0.009847703723577227 0.26410244438931285 0.32247838300630416 0.2984453842071449 0.30975501948553646 -0.12900360661769725 -0.045437736986571615 0.19161856017598397 -0.0931349353061832 -0.18954520531245247 -0.031181568419100664 -0.13158356766710191 -0.31513482290084743 0.10435372545251931 -0.21192669892723667 0.3853817091312483 -0.4971562226441966 0.5720294193065611 -0.12473050181784419 1.0 -0.38617552734504107 0.3037034500439632 -0.20016052413683222 -0.10421856704032446 0.4126632733163886 0.189906914296624 0.4235692455192576 0.716258313872315 -0.40730761132703874 -0.5358276927038819 0.25115235244743533 0.496786851486848 0.03407565832154937 -0.6275741894157555 0.43958753708397064 0.5740836335130426 -0.38105965327453917 0.03821223753601162 -0.11881078562038146 -0.06584420046859918
-0.08912630330876621 -0.2590066764808137 0.1285890026314411 -0.40228629745247263 0.1668975844127231 0.37889002308669395 0.17772896804903848 -0.26580589812186867 0.013015106618476264 0.09485155418135026 -0.15886787062698274 -0.2145893678279115 0.27055153982716285 0.49269780426103754 -0.0038796853442612787 0.4597246078397978 -0.16955850404959955 0.03882541719176659 -0.26928727399748525 -0.18030500302425892 -0.12003567224845126 -0.15783146024405487 -0.38617552734504107 0.9999999999999997 -0.048525081577622156 -0.009980395225322392 0.05989054079627329 -0.586176820310128 -0.0744633779296237 -0.24397431267208114 -0.1714878199926613 0.412804980777084 0.16161063234916012 -0.376416607561635 0.07758346811653187 -0.1275736784057037 0.17152048394458558 -0.17377984551639397 0.14409133613471892 0.4598634968510867 -0.131005327535006 -0.1727339228305449 -0.32769705301857194
0.13662868054695318 -0.12025989046856173 0.25830485041310147 0.24039823520164916 -0.07898252989049748 -0.028176254376308666 -0.1364952247403992 0.26533043770181053 -0.21331167981515034 -0.07884294151859966 0.15940275006928134 0.08095596601259616 -0.22744993747386927 0.08431293371081316 -0.08564682842585064 -0.03206910747369115 0.28913380588246845 0.06113103484827876 -0.177056368979952 -0.013970193191227692 -0.2806608596226739 -0.3881980747253649 0.3037034500439632 -0.048525081577622156 1.0 -0.44547127752346755 0.11436749093776674 0.152464407121714 -0.15811918325831145 0.25746354566959934 0.2972736377136648 -0.22404334078426094 -0.17673738750949217 0.17835834371111073 0.3754881745114909 -0.038106917630064505 0.063696014199126 0.14984777477407246 0.3072062914141576 -0.17223065809032354 -0.34195704943690614 -0.26274685814767673 -0.2858957967263311
0.3191344300792391 0.4278257154532417 -0.2713280012015163 -0.17205164991842511 -0.48913639292069094 -0.057986297364777666 -0.041320890305940834 -0.29915849498388 -0.2298992481378916 0.4445458920923972 -0.7021728256970091 -0.22268705261080804 0.24614531497644182 -0.16441725492413203 0.04284229890371915 0.2358577017937003 -0.4149678138661003 -0.2204094776744329 -0.022316492253348655 -0.07030052504451688 0.19761399834148077 0.14343004147734018 -0.20016052413683222 -0.009980395225322392 -0.44547127752346755 0.9999999999999998 0.02554917826115259 -0.15386797602194882 0.381371716031705 -0.21628661316625947 -0.04866516490699309 -0.17302307875740405 0.27292455081341715 0.009845976183049531 -0.11039352339707229 0.10923767432940742 -0.19346282138388946 -0.3461267240050682 0.03296982251363606 0.360341017090853 -0.25003095737527 0.20851964905439907 -0.3041669592473804
0.27084014132428014 0.032302294107732804 -0.44533083395968925 0.39134472064865 -0.11261876080140432 -0.15961156248552613 -0.3527360044844269 -0.0835689930961246 0.1772830337448068 0.18973770760416392 -0.22229758650734244 0.07927584124577143 0.12293906395152168 0.44087798865322714 -0.2896741886599617 -0.0962451441255993 0.19038985729100388 0.2819831698565319 -0.017962782494749616 -0.29044736978529745 0.09744196707763333 0.04167504156491268 -0.10421856704032446 0.05989054079627329 0.11436749093776674 0.02554917826115259 1.0 0.2549776185618167 -0.11049408179428254 -0.7986299854576208 -0.0235254973689091 -0.20246416754118796 0.44086096629146976 -0.5075817194501291 0.46471572918215903 -0.4563684845953014 0.03836130665084144 -0.29693740168711585 -0.15388556982413676 -0.15474219891447993 -0.19821955391384044 -0.1432973785333404 -0.1525062005830686
0.17641133776532888 0.3197204113131629 -0.5972265884502356 0.45580118356694177 -0.01956420582967039 0.05027092111120054 -0.2936036762036276 -0.05873303901471187 0.3190292826982355 -0.2206529909265227 0.3064182809737821 0.21107321815278066 -0.6387861921235007 -0.3983794061233671 0.21780795636231043 -0.8374782922807671 0.18273034079352074 0.08649691104241138 0.013076511703308915 -0.27853851708658933 0.22655528000930814 0.15121604722880033 0.4126632733163886 -0.586176820310128 0.152464407121714 -0.15386797602194882 0.2549776185618167 0.9999999999999997 -0.03556060296752821 -0.08822531258034243 -0.04854981782203221 -0.2618896471295639 0.20558183633697438 0.26879109915127836 0.08124553288897259 -0.21006354229632365 -0.22784514416186108 0.18704636419137904 -0.36119449719750596 -0.10979425145443936 0.3195435766248992 0.2984229301149985 0.12998131456922218
-0.013971568081055303 0.6294083758524579 -0.3925501798867483 -0.43536284773993583 -0.19560198295111692 -0.19850414352255236 -0.17636379728951754 -0.3201930662163071 -0.11871559026664265 -0.11336510405638489 -0.582579130712575 0.1396287914462772 0.3221398220736249 -0.33856128602287455 0.22429617214613534 0.07714520582018666 -0.863655737987327 -0.3434459799245435 0.015093503616409017 -0.37639048657136853 0.2249103988762129 -0.1756082700393469 0.189906914296624 -0.0744633779296237 -0.15811918325831145 0.381371716031705 -0.11049408179428254 -0.03556060296752821 1.0 -0.07377532011748694 -0.12420293281828895 0.087269297170048 -0.4101551766213635 -0.0014977505448776755 0.14799809186757257 -0.2141936134399397 -0.37529379743181923 -0.5182832761103556 0.4900811031910158 0.28920827572953756 0.2409495423117695 -0.42276262821015614 -0.3225450299425894
-0.3215675760786937 -0.1811433840314059 0.6345147310071868 -0.02792647841328412 -0.013779224582022229 0.127518107503969 0.44830680300911324 0.5273274135641169 -0.3661442796906029 -0.05386198273412142 0.3643950159322457 0.04346463216431304 -0.19777561471104307 -0.32432956005253255 0.15080956121857275 -0.04886423706061948 0.10438395371044207 -0.35975206829205775 0.16725670260482312 0.27985538802184523 -0.1689286155654848 -0.2809249201182808 0.4235692455192576 -0.24397431267208114 0.25746354566959934 -0.21628661316625947 -0.7986299854576208 -0.08822531258034243 -0.07377532011748694 0.9999999999999999 0.33136347215428935 -0.15931650344895343 -0.5067041228129354 0.4534195055826839 -0.04963078585813266 0.3057520769692337 -0.02238113726117041 0.4995880212028158 0.34873815559611626 -0.04456045424834318 -0.1832229555363442 0.01586154951926702 0.037217787610708805
-0.5258812000173128 0.06583544166401117 0.30826209776405783 -0.1270245148840076 0.35973026340429765 0.2949417863982583 0.31715393129981945 0.27211766144860666 -0.20270738486068174 0.181460279983776 0.04909815318827136 -0.5303710575617293 0.02247530436740697 0.4127093882080741 -0.46390975114450117 0.25705454633512603 0.4530220125111228 0.03523980134852963 0.5414908775335875 -0.25724787271016 0.5045617264856574 -0.18001360038536335 0.716258313872315 -0.1714878199926613 0.2972736377136648 -0.04866516490699309 -0.0235254973689091 -0.04854981782203221 -0.12420293281828895 0.33136347215428935 1.0000000000000002 -0.42276739927186907 -0.4655200361052246 0.27080507583403474 0.32792331249937856 0.480375768210914 -0.48445544809188335 0.5517228909107332 0.5494090837513819 -0.5763973445927812 -0.31213166184294233 -0.04733123133991766 -0.12023418108750332
-0.18260518787770116 -0.07354493240027028 -0.06094261490349287 -0.5074400529079327 0.2099506807968298 -0.23479930565344412 0.2916540816221756 -0.48942572389902145 0.48840996335661374 -0.46895477009414493 0.31257470201098236 0.02953433809540322 -0.20626820407943533 -0.26674643294679773 -0.23853913392566076 0.25805536808634333 -0.17983628126776688 0.36164258917057646 -0.1489525253149465 0.08358823852151664 0.09333193143810398 0.271319345718127 -0.40730761132703874 0.412804980777084 -0.22404334078426094 -0.17302307875740405 -0.20246416754118796 -0.2618896471295639 0.087269297170048 -0.15931650344895343 -0.42276739927186907 1.0000000000000002 0.269161444210988 0.013447864169350664 -0.4947451012637614 0.1357406940327979 0.1707894937146433 -0.46430410969119845 -0.22081312408418563 0.3593810446043168 0.586979622054377 0.34188022532665463 -0.02048402362352884
0.4138796398505756 -0.18436974721923394 -0.3054873654211359 0.30675019347804333 -0.39548044086905504 -0.18929292104240572 0.035827529374891975 -0.2365857059303619 0.34294596838407726 0.19035347103797615 0.10044696576141274 0.10598172697046337 -0.34298489254360065 -0.15213991942606317 -0.17156135573468842 -0.1853567456502499 0.2161851461219036 0.27231706629073427 -0.27593628300238554 0.12112580213451711 -0.06469309398367047 0.48116021864449465 -0.5358276927038819 0.16161063234916012 -0.17673738750949217 0.27292455081341715 0.44086096629146976 0.20558183633697438 -0.4101551766213635 -0.5067041228129354 -0.4655200361052246 0.269161444210988 0.9999999999999998 -0.24673527099245834 -0.1774102230840108 -0.19166086049690143 0.372646039771218 -0.36952929840891435 -0.6457343543043105 0.39583384989918285 -0.045575056729553275 0.6206328368092862 -0.10161381895174734
0.11350510801493488 0.49421735370934 -0.021728472177768885 -0.060464362450083305 0.3045791843973785 0.12260164937347055 -0.10843802607230035 -0.12747864021664593 -0.060283617660364955 -0.5290477240879784 0.27292177758630226 -0.19108159149265458 -0.5706843914027476 -0.3835778143303467 -0.0020594693218460745 0.06326272836934066 0.1426604300440849 0.38090041913705 -0.07878093695564463 0.2738381547689395 0.16792129209318873 -0.20540306090517965 0.25115235244743533 -0.376416607561635 0.17835834371111073 0.009845976183049531 -0.5075817194501291 0.26879109915127836 -0.0014977505448776755 0.4534195055826839 0.27080507583403474 0.013447864169350664 -0.24673527099245834 0.9999999999999996 -0.5827158268447766 0.6958464487913434 -0.44492412295131456 0.3656379898464727 -0.1681214400933129 -0.23525169204975985 0.2654303450198797 0.4408066256565203 0.07575309712886652
-0.2565113233462019 -0.15929401617010439 0.021242442668066148 0.1919869628351723 -0.24331000314029275 0.12831219707447275 0.13630033167944539 0.40376541528443194 -0.29805617739002016 0.4495065560860087 -0.21954708614857174 0.1414671313601491 0.3582627158684229 0.3504475174128747 -0.05734913094641926 -0.20100083708308195 -0.04112201323288204 -0.4643560967902516 0.17852731537487707 -0.5472215956359462 0.06310302131255854 -0.1956170385470417 0.496786851486848 0.07758346811653187 0.3754881745114909 -0.11039352339707229 0.46471572918215903 0.08124553288897259 0.14799809186757257 -0.04963078585813266 0.32792331249937856 -0.4947451012637614 -0.1774102230840108 -0.5827158268447766 1.0000000000000002 -0.6226951736427511 -0.05045909976861237 -0.026741261626005625 0.6481694812925126 -0.04937710132609052 -0.4806632846829628 -0.5956702246572076 -0.3102088897084114
-0.11529680578070303 0.10291355937672944 0.32837570356619306 -0.40423294657184355 0.40234022225659327 0.11783961058951649 0.10100200662799456 -0.25761035933496446 0.06444187937049656 -0.14553743930787535 0.1452612866373128 -0.6787644979647453 -0.20772285422247924 0.03888022555835581 -0.28131541366065255 0.48652613827020824 0.39812004495548603 0.37085867554383234 0.29605031601967946 0.24376335577495245 0.2289736162854966 0.030860476690163625 0.03407565832154937 -0.1275736784057037 -0.038106917630064505 0.10923767432940742 -0.4563684845953014 -0.21006354229632365 -0.2141936134399397 0.3057520769692337 0.480375768210914 0.1357406940327979 -0.19166086049690143 0.6958464487913434 -0.6226951736427511 1.0 -0.1930515987200573 0.405963035657506 -0.08035614552032332 -0.3333592821446257 0.09281182841752088 0.44224243338697317 0.11501081670460678
0.31041186646716673 -0.8047656463891296 0.4807719781973878 0.10837150738694207 -0.43560978128720207 -0.3589704659941777 -0.04699222994024509 0.04728552192536715 0.18337937013982183 0.357010253272075 0.08187788995295946 0.07277806616059834 0.14330080448532215 0.016068209983993307 0.25931706793964115 -0.06493564897327017 0.23373357977020764 -0.26017607385357 0.0636164558483099 0.2933818419244534 -0.7637883513374637 0.09873993028277123 -0.6275741894157555 0.17152048394458558 0.063696014199126 -0.19346282138388946 0.03836130665084144 -0.22784514416186108 -0.37529379743181923 -0.02238113726117041 -0.48445544809188335 0.1707894937146433 0.372646039771218 -0.44492412295131456 -0.05045909976861237 -0.1930515987200573 0.9999999999999998 -0.1079818749428671 -0.29005762248607025 0.3442809802760705 -0.30859723549370977 -0.08105179182348178 0.07022685023240209
-0.2873846416187767 -0.24514939404500533 0.3788144175268516 0.12499325642545804 0.4933833769768358 0.555017552634425 0.07584343841380559 0.3071879452440533 -0.013673497485988473 0.054734645458063266 0.38629710938752015 -0.41584622536697186 -0.22340779162793814 0.3279773754583338 0.20312297721080458 -0.2111503710417443 0.6082388390970698 -0.06457024221480089 0.3653861519728816 -0.016401920394858792 0.027433211620531632 -0.22740533571896696 0.43958753708397064 -0.17377984551639397 0.14984777477407246 -0.3461267240050682 -0.29693740168711585 0.18704636419137904 -0.5182832761103556 0.4995880212028158 0.5517228909107332 -0.46430410969119845 -0.36952929840891435 0.3656379898464727 -0.026741261626005625 0.405963035657506 -0.1079818749428671 1.0 -0.020507444688665357 -0.4297574634150177 -0.1439382714758807 0.07113073733269115 0.3289432688386172
-0.5105374379853868 0.051355765733677256 0.308830337871825 -0.4024486446974596 -0.050529300257930836 0.13915128040671565 0.34557742719081036 0.2351508489621817 -0.44363271586752834 0.2673008445770053 -0.33115267701210804 -0.14375010997684193 0.4710846745494765 0.1983863722655981 -0.12966726447398616 0.3017154220957808 -0.3058846870224562 -0.49713812549326125 0.28217095228242756 -0.4372501866400164 0.20837262084781452 -0.3114109225701767 0.5740836335130426 0.14409133613471892 0.3072062914141576 0.03296982251363606 -0.15388556982413676 -0.36119449719750596 0.4900811031910158 0.34873815559611626 0.5494090837513819 -0.22081312408418563 -0.6457343543043105 -0.1681214400933129 0.6481694812925126 -0.08035614552032332 -0.29005762248607025 -0.020507444688665357 1.0 -0.032574884122173686 -0.32899485033868175 -0.606809180619832 -0.39975527631683194
0.2501891654476458 -0.06486766970542175 -0.11128505365681883 -0.216788584569731 -0.5443740041396851 -0.049793589848735 0.09538527721147344 -0.30170522240769493 0.19787503752840893 0.25876163708358063 -0.295637068561004 0.13302100454424778 -0.09706366464981721 -0.3703619527100056 0.43623052385534083 -0.11982150848185232 -0.5181980790279432 -0.43858930740172325 -0.21532261101159844 -0.12014142384149666 -0.2381915149494964 0.08275918086167912 -0.38105965327453917 0.4598634968510867 -0.17223065809032354 0.360341017090853 -0.15474219891447993 -0.10979425145443936 0.28920827572953756 -0.04456045424834318 -0.5763973445927812 0.3593810446043168 0.39583384989918285 -0.23525169204975985 -0.04937710132609052 -0.3333592821446257 0.3442809802760705 -0.4297574634150177 -0.032574884122173686 1.0000000000000002 -0.0825414026329459 0.06962664934065556 -0.5442115108566083
-0.23434534344155486 0.35662777327694695 -0.5206767623377165 -0.32384536550166837 0.5202139506453979 0.018349598707070123 -0.050603170885047496 -0.4973595590899588 0.4756371493008301 -0.7086240370304132 0.3688588678549738 0.09413590320698922 -0.30071826681483577 -0.3781588488804315 0.0367642875969307 -0.23461600734661506 -0.22960081063810453 0.36162889894298617 -0.130757286339418 -0.15051762557258147 0.39517157559267463 0.34681665860706873 0.03821223753601162 -0.131005327535006 -0.34195704943690614 -0.25003095737527 -0.19821955391384044 0.3195435766248992 0.2409495423117695 -0.1832229555363442 -0.31213166184294233 0.586979622054377 -0.045575056729553275 0.2654303450198797 -0.4806632846829628 0.09281182841752088 -0.30859723549370977 -0.1439382714758807 -0.32899485033868175 -0.0825414026329459 1.0 0.2945018646763334 0.4440762887214349
0.02752553526265514 0.07511763967662655 -0.17613885402130386 0.06537698570372003 0.0504572764536839 0.0008103901954860822 0.32094517827063257 -0.2196275336996626 0.3517924173090406 -0.17831830994658265 0.46849398814823434 -0.1503198350672357 -0.6839537235379642 -0.40288897563985143 -0.30569357780153794 -0.12971520572127157 0.37535576060761533 0.44617797056324543 -0.04649594582197074 0.23307389787604355 0.32554134848860594 0.48778626443536666 -0.11881078562038146 -0.1727339228305449 -0.26274685814767673 0.20851964905439907 -0.1432973785333404 0.2984229301149985 -0.42276262821015614 0.01586154951926702 -0.04733123133991766 0.34188022532665463 0.6206328368092862 0.4408066256565203 -0.5956702246572076 0.44224243338697317 -0.08105179182348178 0.07113073733269115 -0.606809180619832 0.06962664934065556 0.2945018646763334 1.0000000000000002 0.1466971866443072
-0.1390498511709288 -0.18785812023063833 0.03946064322134352 0.07684884491787672 0.43324748140787706 0.11036993427006223 -0.03673570007220958 0.04151733854576081 -0.04345769312405237 -0.3316000223139923 0.4651223624478349 0.0161689665748762 0.11511110826843139 0.031279822867359725 0.10598257845609614 -0.20203244535154374 0.265100085453064 0.19310433768284316 -0.022383387665572328 0.173960787831493 -0.09093930144362766 0.15280031991335755 -0.06584420046859918 -0.32769705301857194 -0.2858957967263311 -0.3041669592473804 -0.1525062005830686 0.12998131456922218 -0.3225450299425894 0.037217787610708805 -0.12023418108750332 -0.02048402362352884 -0.10161381895174734 0.07575309712886652 -0.3102088897084114 0.11501081670460678 0.07022685023240209 0.3289432688386172 -0.39975527631683194 -0.5442115108566083 0.4440762887214349 0.1466971866443072 0.9999999999999999
