0.9999999999999997 -0.12672618871636326 -0.5110533230093185 0.03357917031060532 -0.2055757796054391 0.16897814499496358 -0.14600526620044574 0.27116650385678503 -0.07735506910229549 -0.5317584692055229
-0.12672618871636326 1.0 -0.10226350880899598 -0.10841150858554881 -0.3775176444288576 -0.09335029030364228 -0.19288442098378158 -0.4877957562591963 -0.08779535103934344 0.16194364599758235
-0.5110533230093185 -0.10226350880899598 0.9999999999999997 -0.13578523669817155 0.1298878657876833 -0.06103836818807224 0.0453795960688196 -0.06788792614397583 -0.02462171724909063 -0.10622477918894047
0.03357917031060532 -0.10841150858554881 -0.13578523669817155 0.9999999999999998 -0.29337747314753915 -0.020951497808338184 -0.038745544898586295 -0.061686855671151855 -0.44506615381858566 -0.3610134576567045
-0.2055757796054391 -0.3775176444288576 0.1298878657876833 -0.29337747314753915 1.0000000000000002 -0.0454866362125947 -0.1357693738242416 0.17019788048100817 0.24143465863461547 0.30643106732791203
0.16897814499496358 -0.09335029030364228 -0.06103836818807224 -0.020951497808338184 -0.0454866362125947 1.0000000000000002 -0.27184237513056503 -0.2601103305906836 0.25835890374247256 -0.3348207721454292
-0.14600526620044574 -0.19288442098378158 0.0453795960688196 -0.038745544898586295 -0.1357693738242416 -0.27184237513056503 0.9999999999999999 -0.01136173835083443 -0.44014467632493237 0.2696937431551739
0.27116650385678503 -0.4877957562591963 -0.06788792614397583 -0.061686855671151855 0.17019788048100817 -0.2601103305906836 -0.01136173835083443 1.0000000000000002 -0.30995712194019936 0.1411148921115252
-0.07735506910229549 -0.08779535103934344 -0.02462171724909063 -0.44506615381858566 0.24143465863461547 0.25835890374247256 -0.44014467632493237 -0.30995712194019936 1.0000000000000002 -0.15133806961851404
-0.5317584692055229 0.16194364599758235 -0.10622477918894047 -0.3610134576567045 0.30643106732791203 -0.3348207721454292 0.2696937431551739 0.1411148921115252 -0.15133806961851404 1.0000000000000002
