0.9999999999999999 -0.12672618871636296 -0.5110533230093185 0.033579170310606594 -0.20557577960543935 0.16897814499496408 -0.14600526620044518 0.2711665038567858 -0.07735506910229477 -0.5317584692055224
-0.12672618871636296 0.9999999999999999 -0.10226350880899597 -0.10841150858554849 -0.37751764442885755 -0.09335029030364186 -0.19288442098378167 -0.48779575625919647 -0.08779535103934318 0.16194364599758168
-0.5110533230093185 -0.10226350880899597 0.9999999999999999 -0.13578523669817172 0.12988786578768335 -0.061038368188070756 0.04537959606881951 -0.06788792614397625 -0.024621717249090038 -0.10622477918894066
0.033579170310606594 -0.10841150858554849 -0.13578523669817172 1.0 -0.2933774731475393 -0.02095149780833997 -0.038745544898588065 -0.06168685567114826 -0.44506615381858894 -0.36101345765670556
-0.20557577960543935 -0.37751764442885755 0.12988786578768335 -0.2933774731475393 0.9999999999999997 -0.04548663621259394 -0.13576937382424165 0.17019788048100806 0.24143465863461525 0.306431067327912
0.16897814499496408 -0.09335029030364186 -0.061038368188070756 -0.02095149780833997 -0.04548663621259394 0.9999999999999999 -0.2718423751305665 -0.2601103305906831 0.2583589037424724 -0.33482077214542943
-0.14600526620044518 -0.19288442098378167 0.04537959606881951 -0.038745544898588065 -0.13576937382424165 -0.2718423751305665 1.0000000000000002 -0.011361738350832292 -0.44014467632493354 0.26969374315517386
0.2711665038567858 -0.48779575625919647 -0.06788792614397625 -0.06168685567114826 0.17019788048100806 -0.2601103305906831 -0.011361738350832292 1.0000000000000002 -0.3099571219401981 0.1411148921115257
-0.07735506910229477 -0.08779535103934318 -0.024621717249090038 -0.44506615381858894 0.24143465863461525 0.2583589037424724 -0.44014467632493354 -0.3099571219401981 1.0 -0.15133806961851443
-0.5317584692055224 0.16194364599758168 -0.10622477918894066 -0.36101345765670556 0.306431067327912 -0.33482077214542943 0.26969374315517386 0.1411148921115257 -0.15133806961851443 1.0
