1.0 0.6731671427863074 -0.0259523153575002 -0.16709058776655494 0.6362095485038276 -0.04377953796264458 0.07242828823211167 0.04853672427848104 -0.28598024112793957 -0.18432056387371343 -0.010498994878475014 0.25447328819800813 -0.0012919954917484696 0.1875499793231055 0.5271598057622582 0.10168672622376178 -0.0030091350350057626 0.12131208948791103 0.037403145545186194 0.11681193290017718 0.12007171477996995 0.29555561445123424 -0.05603038777583368 0.3831380769940453 0.052617928210050395 0.40963472390167915 -0.0062012073064281565 0.013347331561494754 -0.43130482412644083 0.27165447570456014 0.0092444588618756 0.27091661049622406 0.544338573959793 0.25312177329156044 0.001676060249596767 0.09008850744393437 0.5918801740935468 -0.2678597123560873 0.4872332380101504 0.20432183475764834 0.06834756613899519 0.6518770902716782 0.30277590500254525 -0.1155675390827378 -0.10928748056410899 -0.2967219800173989 0.09708106094116783 0.01378853834677572 0.5890405458831964 -0.05541417232648744 -0.1120952651536244 0.5299114922571693 0.37082958877275013 0.24066830370278147 0.24122887166800694 -0.05887804611794461 0.23531096113430075 -0.13991014058179385 0.32688923074696147 -0.40114817744361236 -0.015996016068493057 0.05010107928719219 -0.010736799407508341 -0.18693114941058814 0.20787747677585589 0.22776768999393687 0.1760739049449846 -0.18651631747057912 0.1074031722894292 0.056200470479897006 0.08544569397768857 0.2716993653163587 -0.19896913206810232 0.12912972241841145 0.05278938881077797 0.21499170669767204 0.12129125515206296 -0.23687418108309038 0.0025902904559927486 0.16385152342824585 -0.29974734686585114 -0.27561653537800856 0.009343734247981322 0.1901906405521787 -0.11281505634065091 0.03375226446899155 0.20655212312549 -0.2978918191000446 -0.07190619248188884 -0.10337654986260093 -0.023137638581054103 -0.36846979293466675 0.1868175876670583 0.2582256912673203 -0.04727156236631148 -0.04451235393457918 0.6381063321764923 0.49791828791420656 -0.02447696002452143 -0.13444295899002487 0.09568349372956297 0.11601003903861395 -0.34839369653295926 0.001481015700884195 0.3705477359672734 0.013164309076968916 -0.06089458384630998 0.03242931896488309 0.28784029004773526 0.42170549788857714 -0.3047850526132497 -0.0924407641715622 0.33892715327393325 0.026410138454622194 0.08891466402544457 0.13631664610633346 0.45319119916560413 0.2322239052311874 0.44876671462626305 0.09526605299377654 -0.1314591161025435 -0.19445120831818874 -0.050603372917181276 0.004826551039244902 -0.20169026307898977 -0.2729650888084545 0.08626886521142345 0.26547374811230146 0.033663005431710295 0.6424256186050783 0.3382391819342731 0.4445347797663915 0.08596080219689295 0.17427445488206217
0.6731671427863074 1.0000000000000002 0.27324825632922684 -0.039487639291822675 0.44389454897812697 0.17180744455345878 0.28344948014953275 0.06409800263242363 -0.21300678415556834 0.04281777900769486 0.13627670999731395 0.1992204540640069 0.0006095197821089322 0.2667760910847889 0.625047613424736 0.16300010710092497 0.0038660412222188646 0.09159397346119913 0.03830736575724505 0.1710345984476174 0.26966972951169 0.2109184489051579 -0.1249834180975029 0.41640936556116165 -0.10134228656574962 0.38047003798728696 -0.07594161809096497 0.028302851407885393 -0.4772251679065083 0.08217436016829578 0.02901455691898273 0.15068887064961717 0.6295748737161014 0.1879150200553325 -0.03759492715685607 0.06755431355174839 0.39091157438051916 -0.2712733092981405 0.36833479621160037 0.1511096839669729 0.009470276537096759 0.539796478530548 0.11695246465485547 -0.07086139134714713 -0.11893504658385087 -0.2292046315057789 0.024658333303872952 -0.018222184408975373 0.43885207142463833 0.09157465555543072 -0.09601527816683875 0.4401706658783335 0.3321282586388886 0.24159527073144973 0.11236452536939995 -0.0600516103448814 0.008746326358556286 -0.08210101018676508 0.2592860134580574 -0.33993649639017093 -0.1381885986046815 -0.039428622641692064 0.3506113071644141 -0.024737047910677996 0.20452028578925446 0.15363383798931207 0.2661360456381106 -0.19187299581944856 -0.07111759850423678 0.1781954606221346 0.2904446759237178 0.01709162195106443 -0.17539606202681945 0.20282844195286642 0.22052145327416567 0.36649182912696654 0.05136835595621632 -0.023834211501803124 -0.18854313828341682 0.25716891704719774 -0.2087154427764356 -0.32704374482787124 -0.040058640246318354 -0.1924876897431826 -0.17528937611978518 -0.21049886893546957 -0.0012777631492607994 -0.23784894514638427 -0.21067413113939784 -0.24552377322988259 -0.11300103553718206 -0.1746407890458592 0.3225129690439619 0.10369614594299094 -0.06548853296677765 -0.14289673284631202 0.5329910549547593 0.37364067361022685 0.1840950881534381 -0.02219434881319508 -0.23630938335459162 0.10338876938494446 -0.2535861684184079 -0.06415811566618938 0.2393641403341321 -0.04917939958144607 -0.2767869838351801 -0.18210796454319694 -0.05969311304010894 0.24085741923825965 -0.280718142941717 -0.3828316543067404 0.24160221957914585 -0.2370149145210237 0.1382826273711281 -0.12792465344700216 0.4255550869751516 0.12380191704601308 0.4145956243635424 -0.11893259987774765 -0.08980486672712676 -0.017759119169259763 -0.36844602423200157 -0.023842962969871064 -0.14825861878645907 -0.23922429345040683 0.18003616926241503 0.2656262179044095 0.0929052330501914 0.3705687175191187 0.5401247247518941 0.24736651560388379 0.10927268594347388 -0.033873924773022604
-0.0259523153575002 0.27324825632922684 1.0 0.30209104488596195 -0.08692733964072562 -0.11767758136629303 0.10620909853618916 -0.36843610004952276 0.12611049005386588 -0.009294051580352373 -0.01796274550698036 -0.19090502197417306 0.06095979429018321 0.2943137023016022 -0.025258226968009098 0.3579942178951504 0.1790074967743291 0.020982844686519186 0.04511308135773193 0.33624624328555686 -0.008502397584106341 -0.3901320411431848 -0.04552963112180045 0.05604448112393896 -0.34347607045983214 -0.3199200660397267 -0.10381424995666876 0.06373477928515915 -0.11282713775567481 -0.03668930272612008 0.0773935211795611 0.0003919518727695492 -0.0096865101203999 -0.1872614928105086 0.2035617750161788 -0.20518646753761907 -0.02128749431048039 0.26451232560460247 0.0017528395273028333 0.09099550099686136 0.2574432493345209 0.05999834541518928 -0.04635508561741279 0.2820856486988344 0.13741438297319508 -0.2201530328513731 -0.11685069477314033 -0.08812798986136623 0.028273161371042008 0.019529913099958877 -0.10926903628359745 -0.266643011548157 -0.10347601955078897 -0.18639111570261582 -0.0470235770144918 0.21775176840286858 0.12345140088175939 0.2830496613040742 0.23351154308501057 -0.08576041157684054 -0.2805438766778817 0.1624821958495221 0.15201853523551961 0.20020113819584645 -0.08208539769468977 0.1957093374355164 -0.01189523115486564 0.15091476793782332 -0.2432474599207293 0.24065588628778187 0.23374083538311885 -0.21832762962386626 -0.09218448244782124 -0.11636195583287297 -0.10959078698773335 -0.14633135665036193 -0.30776997580991633 -0.22154286503272497 -0.21749805850499215 -0.13416626459508707 -0.19834567878332104 0.22989687478719492 0.009598536207889434 -0.3053261909283882 -0.4725438916848649 -0.19992601908671107 -0.1213352518473894 -0.12600355866710578 -0.041669805602497056 -0.19153335317512915 -0.038856587959007885 0.3417338249223575 -0.10162541968136438 -0.19837014313994078 -0.07196016330362792 0.14219704391094762 0.0348948316255106 -0.2157196079578206 0.12255306293569806 0.23691003190877988 0.12743224861122746 -0.377853010683979 -0.007206907330461002 0.16745953394736834 -0.19341485919638346 0.0668478000394241 0.1318472670224153 -0.3301394401097819 -0.10301616014685988 -0.4850992650358037 0.08409818285685204 0.18533037248606452 0.003117052115665693 -0.12281567179692901 0.12254425498749068 -0.19460268438698114 -0.21737219507884817 -0.28653934104570583 -0.09057171290160432 -0.18855191752205275 -0.10523129900847886 0.10824343240848862 -0.21876589118583287 -0.06837448465100224 0.019387386178138507 -0.014530146744093307 -0.1967859033328676 -0.09816423748843382 0.16640993272468732 -0.2754765003770533 -0.016672603913374547 -0.13794691609879048 -0.015575481250741723 -0.5140205856520932
-0.16709058776655494 -0.039487639291822675 0.30209104488596195 1.0 -0.3305407751292108 -0.02233316030668873 0.05780305058319334 -0.18223182159852064 0.09746038096009854 -0.0386345748396502 0.27967505857956143 -0.037089523224865646 0.013432037819021725 0.12062250658656724 -0.20907135724920048 0.1801451172724581 -0.011767377693424544 0.06744571185608904 -0.07343825584941788 0.04429496913681427 -0.1196068575498214 -0.20390041775974563 -0.05315069405707171 -0.2348270270070155 -0.10790676670226414 -0.2758891164572422 0.22348030715986256 0.0637665620459267 0.020401656163216608 -0.11737016680003269 -0.030843000996228553 -0.1095506802816475 0.029307746326167887 -0.1113715620787105 0.35854198400430043 -0.19084377209979195 -0.030612009014355672 0.2547748899773102 -0.10416787035149297 0.09163699150525116 0.17090270055097034 -0.02688965583574535 0.24814278243913324 0.20430356974459085 -0.05437961848098177 0.032691422787846876 0.01795852800673773 0.023730846259735597 -0.010968549512409866 0.25143647276577435 0.294730814921404 -0.218438648717341 -0.26084171340337337 -0.1309178911443004 0.10052008804507345 0.012182915790408476 -0.135328862499741 0.19548795248878434 -0.07911216250418067 0.009588160804205553 -0.08484829617499884 0.29755280155968256 -0.061269430697173465 0.07780681789755992 -0.13007406001310193 -0.020220142004571697 0.22420236062869164 0.04381727222995696 -0.23331483861804495 0.04667163618817215 0.09337384936528259 0.08314172221260521 -0.17153417095068604 -0.05711187854293018 -0.28952890335826126 -0.10194019994259494 -0.32315727961655866 -0.1331072981303199 -0.25782852337908924 -0.09831406335286152 -0.23730997033244958 0.293518339179054 -0.2812643098600781 0.04880288164501618 -0.06962957701118834 -0.2774913940522186 -0.3821083036679666 -0.1783502159245584 -0.12400007463313764 -0.08210542136423919 0.006368795444842123 0.1851613488249818 -0.03838758799007552 -0.000322218109063187 0.13389013354867774 0.1698138736991406 0.05630129846000856 0.10741051973431295 0.17830486810033547 0.16010646683777255 0.06202868551834766 -0.3826713330578019 0.0679514065560114 -0.22568800426249483 -0.14098864486942028 -0.17962422206216377 -0.06030365751998626 -0.16503541775465708 -0.22499818716695819 -0.3870290322579734 -0.0858535433500076 0.16149794385780267 -0.01131836725353846 -0.10715129024728438 0.0840566928280014 -0.038593504800755206 -0.48970576755171213 -0.15947421319855842 -0.18168285122859265 -0.07489766533873661 -0.13195367395295443 -0.10882179496480501 -0.17684682173611263 0.12929810157496058 0.05424066809694266 -0.08755747540516513 -0.19075702574576675 -0.014830736878905258 0.12573209352737957 -0.02172629654801975 -0.22342630265249866 -0.08755669705078548 -0.14555287010206405 -0.18881593737143307
0.6362095485038276 0.44389454897812697 -0.08692733964072562 -0.3305407751292108 1.0 -0.0421595939422428 0.1008186773526796 0.049117688676577696 0.003020552093019264 0.022966994449135317 -0.17298037856552873 0.4099556708547369 0.2519306302945039 0.2634334420416033 0.4145584504237665 -0.05124438689696835 0.07802384726207764 0.043814704001956764 0.38990430993608527 0.06655475349448109 0.3365511652404058 0.21950849440571543 -0.003662904768619972 0.437563471265063 0.16068655855972855 0.36840006728223373 0.24720284277799245 -0.003204300498703366 -0.13079149839012857 0.4065902903449785 -0.09902888793447899 0.4133764447794544 0.38034815799215904 0.1749621869492917 0.04109844935996347 0.11270097328981905 0.3929659035057222 -0.19608555150387205 0.3411462363642027 0.32288594650295943 -0.032816669483500746 0.5750118305151473 0.4368163263709248 -0.02638025368360939 0.09679609958324875 -0.07003125828989223 0.13704967567428727 0.3184302734410639 0.6255094292402756 -0.21878236681057556 -0.29510416109795246 0.5954499807444437 0.32581707425255785 0.08306084443697251 0.16652240123353856 0.12024163208945204 0.4447008941357483 -0.13036248748189308 0.35016847558133807 -0.09002259030092725 0.12298596889271306 0.1740039225421616 0.05112194289446331 0.07169759156211288 0.15364090490085988 0.22782573256642918 -0.06145564711211595 -0.2469683206574849 0.17962509774784483 0.0800695101746647 0.04191884750955003 0.17667967372297355 0.044950042156269895 0.3179341256096994 0.06350276570316214 0.03597278465738818 0.15465504488669515 0.10838457085163462 0.15067869044481044 0.14462891216583418 0.09041806403224638 -0.5413469106553741 0.38245749862289047 0.2481308024748385 -0.1270619923160568 0.08470207347840394 0.012115984887312463 -0.08640713662947301 0.0683447608921175 -0.1274621381443924 -0.09522588948723576 -0.336662585176725 -0.07027741589632083 0.17978497550731806 -0.24422559089877682 0.09518961584891761 0.3681488652145466 0.10397432689675304 -0.21295105940718412 -0.12131030886761514 0.04411155635249678 0.3035647692618687 -0.19747533937027928 0.128206107206891 0.3837029922093034 0.05592155465614025 -0.06626443586549402 0.2042285514955151 0.07444216671478304 0.3617988162108565 -0.10688341580153081 -0.2560786532956218 0.20449497971455577 0.06353776294033084 0.2543733564681039 0.0632728098853046 0.3993554970138735 0.02525112607209738 0.4949261625734648 0.016482236501090274 -0.021480727663141994 -0.13465485081998202 -0.12981942868132296 0.04751119794642767 -0.011253598474392838 -0.1734894838252033 0.09063495399456119 -0.057478050350728144 -0.10622542911004908 0.4629856938236295 0.1463718317130167 0.2190223228400131 -0.23145838605192784 0.05227279741928587
-0.04377953796264458 0.17180744455345878 -0.11767758136629303 -0.02233316030668873 -0.0421595939422428 1.0000000000000002 0.02520303734057835 0.40389213042618344 -0.06397093275059164 0.01703313288699298 0.039750878767375784 0.09077366102251354 -0.22144084615680223 -0.2386713996112729 0.2557986768539997 0.103125016998927 -0.08667481473581601 0.030547569474739328 0.1698883828354931 -0.036585008591569115 0.023601747073199723 0.10477707812376147 -0.1697062864355137 -0.2130826843385961 0.03843598059995524 -0.042706682655410076 -0.12498848488543739 -0.16144072620080815 -0.16992403016501997 -0.28459049743380965 0.27003046447143964 0.05966268790739642 0.06800454589361281 0.2786607681918509 -0.15658972146537203 0.03905172454804757 0.13431285291023767 -0.12027739568978119 0.027216482214303197 -0.021466031957901865 -0.0499384340727871 0.11874121344376959 -0.1630578932211251 -0.10714299861072686 -0.19997907917559216 0.11234875488338433 -0.3657746259691792 -0.15430469395614338 -0.0906300186644475 0.10503335481850516 0.2821345333099756 -0.1262101819916295 -0.17020919283735703 0.3074955631133325 -0.04347664279893756 -0.2257120430202229 0.0277026746579257 -0.10622443512177077 -0.1762337930416116 -0.22928384843337976 -0.36526720054602124 -0.3407120904167457 0.41888435950889974 -0.3271543134885993 -0.08040361053772838 -0.2990544876071044 0.11161173345583683 -0.09403809983176391 -0.19380002107321673 -0.14789998230532161 -0.08604098104669697 0.21457179432122042 0.03837988946718851 -0.09044328286329821 0.3236122606432175 0.33763343917917826 -0.15001260805360275 -0.006807925208086393 0.0016079337636939297 0.15959212576713194 -0.010350963204970321 -0.16487219027667116 0.029339479150862612 -0.18966387338380145 0.08799046755402455 -0.3105696202662496 0.13209064247082397 -0.06646822333066332 -0.2599049673445662 -0.04918458203106802 -0.14967736887926675 -0.07716606236953213 0.37339712634558536 -0.12625597730866056 -0.0776043544161351 -0.2967585806354764 0.0019244074902434447 -0.034587931083766135 -0.08188669234450405 -0.0882641291363634 -0.18565872763202154 -0.005830162357916217 -0.2697077268298075 -0.5922777172755491 -0.105935966132577 -0.1030461973264521 -0.22444379345026885 -0.3147532542569185 -0.06308353467347266 0.07760686489286442 0.0569430700849375 -0.1302265987325906 -0.12252858049757116 -0.07885562425094686 -0.4833781244601306 -0.062021185828897055 0.2913698988624512 -0.06157835343747629 0.15382334953781535 0.058534331608689275 -0.21779440020232244 -0.11532577688201773 -0.06690634619150983 -0.26114880502350823 -0.1674177843147456 -0.18266386118457667 0.2372032146086254 0.23090363732110827 -0.21202588399978775 -0.09124733395416149 0.3409311638924058 0.020632491486687502 0.2549005013681356 -0.12273095891541069
0.07242828823211167 0.28344948014953275 0.10620909853618916 0.05780305058319334 0.1008186773526796 0.02520303734057835 0.9999999999999998 0.09803805891654274 -0.03418444660824167 0.30026378713079926 0.40877154453368925 0.3201817665405042 0.06343922245961979 -0.283064845796692 0.111222832959538 -0.01904889994197492 -0.020364076821321127 -0.2557362407777894 -0.3230102967490277 0.06704215676343489 0.0760573287486498 0.4103726094696497 0.12593885549365708 0.15867616736753404 0.44098111771271004 0.28513935506259214 0.1628629839308028 0.6002729226288576 -0.29767938788691795 -0.39498727940448003 -0.2867270079383664 -0.22596673306069906 0.23711395522569484 -0.2149953376276714 0.02408112796778515 0.5124018295876698 -0.014011668498746764 0.12356591110001215 0.21746832177268324 -0.022279346216444614 -0.22254130679409334 0.08219752461115097 0.03761536827699592 0.33711909526013223 0.22009969248979636 0.2981501013592737 0.38978992602731183 -0.031668470504260915 -0.05220908092028112 0.44206945870985154 -0.40545697713076867 0.22548585010537964 0.24933473016725055 0.13626423066270918 -0.23715430180425767 -0.28582925918715396 -0.12489031432656364 0.1484744680198033 0.05128763353671722 -0.1486579839374793 -0.3507681067149446 -0.277597916157866 0.28404068316317127 0.24347912481486905 0.6066595580951054 0.01942400252829845 0.22285408391725847 0.22539555888412607 -0.05393134862113364 -0.023890581712525272 0.5473472025002608 -0.27362702466053357 -0.4555388124917485 0.0716887654231047 0.2250894525897809 0.18568555765013328 0.047370433430231375 -0.13986954823543662 -0.3053572435404341 0.11954914689355473 -0.02633273954149291 -0.13662629582328095 0.1389905381804073 -0.43355993386529784 0.01696112328347113 0.1998668764237718 -0.19453308387287657 -0.3970421317959451 -0.07258802448628016 0.11647290894354916 -0.5367407807654131 0.13193746041716717 0.18829469216567762 -0.1930313253940108 0.20979229367512017 -0.11577702257665695 0.11811862323853119 0.26357295748906406 -0.04827667234769185 0.09502088341784885 -0.37975765855331717 0.12459238774393812 -0.2200745384754306 -0.0809758995770209 -0.09318756777449118 0.14739571810777566 -0.1377781381753106 -0.2418064872838002 0.012148095837348657 0.08888419355566557 -0.552525603003103 -0.33117552760160446 0.02809845408735117 -0.42754740458424795 0.3274892077405248 -0.5663175202625483 0.14858525140692858 -0.10795647569267187 0.23301709337416168 -0.2848377664002943 -0.14142349507587382 -0.0795569595634639 0.19491172174089566 -0.2964609519517077 0.31361070992839873 -0.014221489842351744 -0.06998101166244625 -0.1538142300893106 -0.191412247827425 -0.31864276428492383 -0.04282294979198754 -0.13026174136074592 -0.363110161059845 0.354099459667944
0.04853672427848104 0.06409800263242363 -0.36843610004952276 -0.18223182159852064 0.049117688676577696 0.40389213042618344 0.09803805891654274 1.0 -0.14052381075938256 0.20913286139499893 0.02596653230929848 -0.020064681017098702 -0.2749815982906171 -0.24047733558445072 -0.012207823568307772 0.08206063985635949 -0.21742039254456336 -0.18635434022116246 -0.03331986246478563 -0.27304840371132466 0.06054202140335676 0.29980651928392543 -0.21424453179790307 -0.06668195977873746 0.23175708464300337 0.377507915722033 -0.015321669244421491 0.048778702711172336 0.07192753418606553 -0.2549363357111032 -0.023597969337909447 -0.05773850388564734 0.23205711481185798 0.20239110995466178 -0.27644421300339495 -0.17348559382659168 -0.050264817569047576 0.11453841789763929 0.08388197843056411 -0.11209675159274567 -0.3001892922703379 -0.005120742001653018 0.006900175034165069 -0.3730986026608109 0.09100474120976618 0.38768554872775723 -0.09780712614477398 -0.08342462448139908 -0.22650834456595909 0.33016736716025985 0.26788952338975097 -0.0231158279358578 -0.05372293724706466 0.45403346312765536 0.022222015551889882 -0.26085106897926974 -0.05252572743718755 -0.20444930809826034 0.021994084015000633 -0.2673151438077484 -0.21753502144459513 -0.22971809781914032 0.4311005001903557 -0.047138464086222125 0.09875332772631588 -0.009435835402096294 0.16087918787500952 0.09881687183460698 -0.45094201269323275 -0.42980106300740634 -0.11237751652863925 -0.12565999439765452 -0.035124281789312733 -0.23100146038857347 0.2954097296800546 0.46798727346693264 -0.09104398723089405 0.04256463705191596 0.04283686741949334 0.38524895975008944 -0.23609090807165412 -0.1961414517995525 0.035366318837308876 -0.13540820006323312 0.415980433632057 -0.0022183283332037084 0.3822962123576121 0.16133635947817593 0.07988585536437984 0.017603014527620895 0.09642219568478302 -0.20127862516806744 0.5076845493316946 0.07710698461185034 -0.143906937504462 -0.1238908285006205 0.08153831988619722 0.16261318610576062 0.26237520598315134 -0.24789457712746987 -0.29877103222664536 0.18517266013790637 -0.008493163311175287 -0.22035511049385162 -0.0016946498738261212 -0.17611458635241511 -0.3074889027932654 -0.020359773737931314 -0.21449094510154118 0.3100061307947953 -0.22575962342339412 -0.12249472371490011 -0.12352940952489824 -0.31737482056498184 -0.1845303400097973 0.058584676232423055 0.18482573070469316 0.3373662214543221 0.1249800384456597 0.14675043298682894 -0.2655477804385502 -0.3619233138251435 0.19325151872670807 -0.2883931036288857 -0.19882873776310905 0.12645871759169933 0.08444886622987151 0.3023664256021145 0.03945681521326295 0.07366445953758671 0.3269108905280476 0.2270758147079508 0.12150088314066694 0.3824698157470624
-0.28598024112793957 -0.21300678415556834 0.12611049005386588 0.09746038096009854 0.003020552093019264 -0.06397093275059164 -0.03418444660824167 -0.14052381075938256 1.0 0.2396959482348043 -0.028559114011936698 -0.20055120504437934 0.19644550791891663 0.2752837322701122 -0.21463315187722545 -0.11508670737239858 0.17564933666404497 0.06024998067897118 0.15224193523378365 0.45193217099583427 -0.041709952953490226 -0.4958828017109674 -0.2018574818362932 -0.15140499823597175 -0.27001854243393564 -0.2010909324912833 0.25017575421231036 0.05250805676383307 0.2531661941307168 0.024321604262635008 -0.0024783096916422614 0.23990714922219786 -0.3098087721882861 0.023766162128686867 0.16574541170351637 -0.09261967891032105 -0.35641892860612606 0.275951125981159 -0.15417389214952723 -0.15774163213878484 -0.07445566239458205 -0.11997394408905944 -0.1377803604165281 0.2607026003711133 0.2359714731453614 0.2694094567849434 0.22027249863263207 0.11260633838243791 0.03629961947803225 0.01732710998961411 -0.06344830446140813 -0.13453573390669019 0.002404475246583566 -0.3514862258382405 0.33017644002506835 0.2541045996892448 0.19106953577796898 0.08408895276756626 -0.32907856711521644 0.1505916931290601 0.0003356556034222788 0.050917155019345295 0.1657868118660268 0.4554377759074426 -0.27944672514565416 -0.18919430088376285 -0.10543621524848414 0.17381152706662514 -0.1812568957074469 -0.008940704801675917 -0.12281788726902883 -0.2616033804253779 -0.20137888994904124 0.2769177605580019 0.014491065544735086 -0.25511667470186344 -0.12787727760390039 0.18705952990297153 -0.21622397040432106 -0.4320913333156062 0.14276971827124116 -0.263811286659789 0.21377804928821578 0.13270777841824574 -0.28068447304120003 0.14186839849463467 -0.07511480604948763 0.023506314013014947 0.06217520882901684 -0.2501994689025184 -0.05922592894389429 0.307424950950286 -0.1807443085780775 0.2965932721009943 -0.04628764755760156 0.19738888758241518 0.1101750500165625 -0.4427701644255523 -0.09930632415977643 -0.19234920738665845 -0.09150129307585532 -0.0183943881138314 0.27896771615806415 0.0365553823251276 0.03021957536037296 0.34713240998565004 -0.04127852547640757 0.022008823099919646 -0.1908052076634151 -0.1658615505183679 0.03161619804310205 -0.13397034263544577 -0.020823311943116495 0.06725758573268341 0.11838354798647346 -0.026797822499264986 -0.4132237503246526 -0.27797133821315884 -0.05507412626588909 -0.05450789547083514 0.17541378521767242 -0.09445901796676605 0.09130628781093347 0.2661299758031351 -0.09213890221955043 0.14934948546250537 -0.325069138453757 -0.23998121430349498 0.07073619448265608 -0.1044956542617917 -0.26173687463390555 -0.14580570956700997 -0.17533100098284415 -0.41079924010546487
-0.18432056387371343 0.04281777900769486 -0.009294051580352373 -0.0386345748396502 0.022966994449135317 0.01703313288699298 0.30026378713079926 0.20913286139499893 0.2396959482348043 0.9999999999999997 -0.3028758642256826 -0.0013117468117997723 0.15423155047829115 0.1291338357174395 0.005803086453079696 -0.422095386435383 -0.22078344290052285 -0.1443433794426316 0.02642939236644441 0.3219496626961094 -0.09518370067489988 -0.0875310958328455 -0.10783335641531096 -0.08393357619671779 -0.127512113390112 0.11053848072115804 0.141446552684782 0.42913491394902237 0.025613360621701782 -0.21901069718572386 -0.4841490844832611 -0.15227589784299952 0.04428374766504679 -0.08822947130508925 0.19416590994113472 -0.014130016739451523 -0.2706955682159167 0.38815691086194537 -0.010076912003523387 -0.13775566358925262 -0.37719380478407466 -0.006508673096022053 0.1785830106477408 -0.10476342766056379 0.26304915091289566 0.46832981802422036 0.24262383030923115 -0.1544686004519734 0.04434627097675307 0.43321808409545326 -0.12246519817564028 0.030626014496342887 0.21653552194856104 0.23466127334160924 -0.06444008996510307 0.1048831433961331 0.3886990573304517 0.014293197352039405 -0.07848230412046131 0.10138361699506634 -0.1749794844052493 -0.22555764298835312 0.4700667883651422 0.5842696331586773 0.2330790059429304 -0.058088672853752105 -0.006882791654244024 0.25012944791047736 -0.01850400740451668 0.12012076767963069 -0.10609503413240158 -0.34302412412414635 -0.27396160086009624 0.28146772566418404 0.4208326322752896 -0.2220797695435194 -0.40976867341928697 0.35961542698948384 -0.009291118225649856 -0.10396146132278192 -0.10187055211681481 -0.3097483865871251 0.31399312188624506 -0.19979172146603655 -0.05483597917607839 -0.11499059808227376 -0.03887491491544805 -0.0007473019250232594 -0.03608402760359829 -0.1244533272803462 -0.2974532181265176 0.2152632695406268 0.01061199996941662 0.07883417473149922 -0.4119760148999769 0.2543313329962922 0.04102758186944678 -0.006379891409141072 -0.16989723820677569 0.15201143081826982 -0.46794993199909 0.28742253858447825 0.424135475059717 0.15262756912508993 0.1412343640679742 -0.17111609893887672 0.033630942918968704 -0.09094996784193926 -0.6222726264025874 0.2462353668539466 -0.2696818318471473 0.0504075582571344 0.03460477878086706 -0.34601835683910953 0.46283376759639594 -0.32110670874386615 0.02803204572967467 -0.23308618193529107 0.1634271847386528 -0.008613014537136124 0.2929225270080656 -0.3563052549458819 0.06430428975941528 0.13681569398308469 0.32315500009531295 0.17342454904696522 -0.15162666673877148 -0.05510952601854946 -0.07295137823144489 -0.2718030511032832 -0.057972531337450804 -0.026435721817684537 -0.1818394029637374 0.15905865315416853
-0.010498994878475014 0.13627670999731395 -0.01796274550698036 0.27967505857956143 -0.17298037856552873 0.039750878767375784 0.40877154453368925 0.02596653230929848 -0.028559114011936698 -0.3028758642256826 1.0 0.003908751394475566 -0.17400071072629175 -0.1920231985651411 0.00420719878936155 0.214492588914353 -0.15035479904992466 -0.05465547434457374 -0.29868813801987504 -0.06090377288937906 0.21761811887544585 0.25865839926796735 0.20581587891151834 -0.09534113549256978 0.27176683881724145 0.2589587730559217 0.08475785146817401 0.009161451820822208 0.02184284512271062 -0.059441901450091546 -0.14304085231629737 -0.21499449920621708 0.16936216032865006 -0.12623617722233907 -0.1585263374855452 0.3661896294395898 0.2751747736863479 -0.30487735604329325 0.19487064046062103 0.10141914348587022 -0.07287882140413883 0.1166222533040659 -0.051131502477967626 0.25625132854959354 -0.19623342162088475 0.06889099638039776 -0.04560940731395731 -0.03747267888231237 0.0995185238093602 0.09736088217090418 -0.03114976294438859 0.19717047328948875 0.22547388481998662 -0.16469046988577732 -0.10804259785869802 -0.2399686250429608 -0.4955920036332562 -0.0291593926256121 -0.2343605643078694 -0.10795068775577935 -0.06296911366740811 0.038436748305170895 -0.04026054188852483 -0.016229735242075827 -0.010176650675631739 0.05875316407497292 0.6423072146127217 -0.010163812400945781 -0.26723250249751607 -0.22111295984875845 0.39422082169043116 -0.016797700306939608 -0.017763502619479964 0.09194803031976259 -0.18774060774500398 0.316894825023547 0.24974149503825133 -0.2761900284098803 -0.2088288917071969 0.3383865990246271 -0.0035213499118975098 0.1990289835788796 -0.48222153544506297 -0.24141485285364198 0.2898176608028885 0.22649303963264278 -0.15208471419913155 -0.009811524238184753 -0.0295061072957179 0.05255232846774197 -0.19117339952352555 0.024072287821002847 -0.002930737217100581 -0.016304991622589034 0.5703850948066715 -0.37759417086100916 0.05646933537448973 0.2404805099769961 0.08856113320955339 0.18132514774554298 -0.2550222289146009 -0.07718987330877088 -0.09393654769819063 -0.2017431481513618 -0.13184319407545386 0.07636804659036386 -0.41587025887550105 -0.20166824574015885 0.20082745596008467 -0.13015339086908065 -0.22208264345853657 -0.3875193966431339 0.1476794693558365 -0.18001168322752278 -0.06865738971335217 -0.34042124338431257 -0.2914748404318496 0.17625612167393798 0.13326005959646606 -0.42309768905027023 -0.15715366564394456 0.06569721543376789 0.05182636515377595 -0.11699081892930271 0.0856081821051607 0.06735346107051059 0.2384809621921224 0.05971240288993833 -0.03956773585809364 0.114662993941072 -0.06011300652817788 -0.21571545183946395 -0.3316294257621996 0.13169487800760923
0.25447328819800813 0.1992204540640069 -0.19090502197417306 -0.037089523224865646 0.4099556708547369 0.09077366102251354 0.3201817665405042 -0.020064681017098702 -0.20055120504437934 -0.0013117468117997723 0.003908751394475566 0.9999999999999997 0.0770824651126143 -0.1385264783516312 0.2608190537219595 -0.007705447257920713 -0.23343253832401492 0.0018865481248216283 0.1705405557668246 -0.1454591220870126 0.15731085006239204 0.4697521464468216 -0.15569679446762866 0.17255993360317767 0.3454839971971548 0.4634049164364834 0.2843275681521447 0.1142123792257593 -0.1889846768577959 0.03443823859898208 -0.22124023448784874 0.08554545261334863 0.3021155513321896 0.287128368502802 -0.20113949757403318 0.236615316360764 0.1991891247354939 -0.1669964161961761 -0.048904854688702364 0.110715454351504 -0.3957611574194754 0.28889646218033316 0.24747409352005503 -0.07443192697411377 -0.08917494018465708 0.173163683043459 0.14053588206285433 0.39006668379246723 0.23993865764228348 0.2026604459096777 -0.25972837131213944 0.1862249249212994 0.0361482733397944 0.09039198363333545 -0.07549247433632829 -0.10228155384956647 -0.028764290389125032 -0.13597321866953682 0.40137678013541056 -0.07522056882664939 0.14823775581746684 0.03644834866843204 0.09692619555612421 -0.17554574355862285 0.263405105424967 0.1836349623348931 0.12081722251929228 -0.23503605020494922 0.23767116518267825 -0.05826283019739515 0.24876392539401598 -0.04841952745060642 0.02525105627894016 0.3731181616501412 0.1777698073433786 0.06798590198108469 0.1681094432995835 0.06425702685562204 -0.04374717897502399 0.2944653793110056 0.1399505150147553 -0.28273871832265995 -0.04934725361833066 -0.08027856927698049 0.2818602779992167 0.1555888126366105 -0.3721426421178434 0.042087382047653575 0.004620005968959172 0.14380139781879187 -0.4167441212015066 -0.20106294237526645 0.21360152369541355 -0.10939075907791668 0.1961246504500833 -0.02991263682599022 0.280862990013857 0.21733901518540746 -0.11524082278112217 0.11377682279130884 -0.25594073498068365 0.23697827646612016 -0.13205022019738633 -0.20833409301567637 -0.08725067609377724 0.07657714211823917 -0.12817276127540939 0.21420984152414765 0.10581830696068024 0.4500230636277165 -0.047213046371442045 -0.2464343240504501 0.24949092993012958 0.007973020253860753 0.039840936065805195 -0.26137796771308475 0.29803203499341085 0.18990051051011672 0.4242670462578808 0.1531590406010937 0.06123146546702194 -0.04246793012006727 0.02704738290340991 0.08103058107845133 0.27435868364808347 -0.0876689770826172 0.3895134294815589 0.06536712273176111 -0.2232811403551145 0.20699956715174114 0.2679194474138778 0.11141592419689486 -0.32172464759995856 0.13711862397689153
-0.0012919954917484696 0.0006095197821089322 0.06095979429018321 0.013432037819021725 0.2519306302945039 -0.22144084615680223 0.06343922245961979 -0.2749815982906171 0.19644550791891663 0.15423155047829115 -0.17400071072629175 0.0770824651126143 1.0000000000000002 0.10318234795059408 -0.08344926792780456 -0.38449195081025256 -0.03463993139874536 -0.16363654707141762 0.3799684808072746 0.38653249034329307 0.35543268668156586 -0.362341181912299 0.04811723186723414 0.37973976041879237 -0.11811741491956569 0.018180944264396582 0.31425311114362475 0.18070744465233654 0.48093002164056564 0.4141627736026393 -0.3514431415361402 0.5439132122645871 0.06056355153039977 -0.3231874613365689 0.4315646483446398 0.11187433888230434 -0.11939733669710215 0.21318673080594602 -0.06056222129611636 0.5776491856035584 -0.1901278283561445 -0.13148721929225018 0.46685647624226534 0.2669860945048528 0.24174186446030166 -0.058952029557827336 0.3306980768949114 0.5018285633636144 0.24239415132725914 -0.23022032763882633 -0.4023523704186689 0.2137888066353753 0.23512874575475456 -0.14967689395723496 0.027326566897836482 0.36482899695408366 0.22687443962750073 0.12838823640279604 -0.06654256041950489 0.56947536417137 0.5587703722385381 -0.09150144465590193 -0.11481708918894681 0.2972348521616355 0.2574152155711133 -0.06977295908648126 -0.2723328149962278 0.04871929174818863 0.05550786424584523 0.5118991426312924 0.22893254036994337 -0.11646321384063929 0.32951397256751275 0.0865018120483044 -0.017503844344133376 -0.5768856955305561 -0.10259250534598897 0.35388804257334916 -0.05204122315214946 -0.4209462106764223 0.260468033292466 -0.24386473430801917 0.2376578282368701 0.18142332221904256 -0.2310929007031061 0.008594895471482544 -0.29717153096687443 0.0714036503183314 -0.1308002385545457 -0.14463552597812626 -0.3860765419963829 0.1412244171363506 -0.17946575349951074 0.1701489837382547 0.1272736411274439 0.4145217303972775 0.02066717486067813 -0.27214953256997476 -0.12448803778664375 0.3352338561777427 0.4192718866777983 0.263096246431638 0.3472206131392428 0.13617842493460183 0.1220252856295904 -0.13546081707135843 -0.02772291974809302 0.36748194101988046 -0.22509233959621652 0.26045480932293813 0.2180658253602904 0.054941515198269925 -0.02951720347748811 0.49329438284667143 0.2616466073701731 -0.012981568698915048 0.20769632594030324 -0.30880892155571066 0.17958855267373774 -0.3728074073579163 0.22956293260733932 0.4400748247086401 -0.1761421614167688 0.10684481177032794 0.42075273547332775 0.25992641215649137 -0.22654961828398293 -0.2131013355618458 0.13933646703468927 0.046279815558958486 -0.2416619569518518 -0.1911322959846235 -0.33099707902907244 0.09835670056537386
0.1875499793231055 0.2667760910847889 0.2943137023016022 0.12062250658656724 0.2634334420416033 -0.2386713996112729 -0.283064845796692 -0.24047733558445072 0.2752837322701122 0.1291338357174395 -0.1920231985651411 -0.1385264783516312 0.10318234795059408 0.9999999999999998 0.09193424526804522 -0.1342651271212789 0.13850387590418056 0.16690129489871214 0.3951270617411965 0.23280756808493377 0.05876553279925331 -0.35763733045572577 -0.18963016927854065 0.08956554514972206 -0.20496797023636584 0.00567756331635497 0.137556025554982 -0.1497446448669497 0.1276499977996353 0.37669415086919017 -0.0033454982708121563 0.40289716755651367 -0.09785877936382377 0.0435104173054367 0.2383473953530836 -0.3202998841479423 0.16470588125356012 -0.007265399823880883 -0.18936190032932995 0.05128957907375107 0.1420287724382734 0.37645766305970835 0.27656462223499 -0.24858155089124512 0.2793779692008391 0.004069314639117364 0.1919252394807505 0.19329104649113998 0.5072302598193672 -0.04590174636470658 0.11169779263115603 0.37181969826016975 0.16508994904049984 -0.4737454660212057 0.16247420691965483 0.4400508746393139 0.4088592359234845 -0.3474583689709954 0.044653787431478825 0.03079120023606735 0.25731056695534443 0.3844549144671965 -0.013325957013943904 0.46558420180544285 -0.2892509449770554 0.13357011785736522 -0.202595160601602 0.02584022532228751 0.056372106872912664 0.3882840310825487 -0.1697304498291934 0.005702247468315218 -0.008043264841515147 0.4098327006143065 -0.01779940972597913 -0.14714996749895679 -0.08169116274315263 0.40776532805272653 -0.03258458372298598 -0.13313622789570592 -0.09528722758568084 -0.18614657351208574 0.11510965773154196 0.2639771852024626 -0.30128709825108885 -0.29811664925737286 -0.15781107381182233 0.17531667497860595 -0.11401521643700784 -0.2084583216314794 0.05281988432763393 -0.05340925009158606 -0.22307112397025025 0.2602016637641583 -0.2949369458937017 0.27194469562810336 0.07338200593495806 -0.28159287755891765 -0.12498701181717019 -0.08987863681209413 -0.000575772494716365 -0.011975586363321961 0.20259337371328154 0.2859533596549346 0.2997306322443043 -0.1732466130993148 0.07818879453214654 0.014385853354914402 -0.1277313181032901 -0.07067188098143869 0.10371848880311928 0.1929053614561883 0.4359236019797963 -0.017687606790608906 0.2861862072236488 0.05863389606090463 -0.0899084261186571 -0.21763398964929428 -0.06113911125298177 0.08320533138006886 0.17573929770894758 -0.06834881909347162 -0.36508910694899543 0.5226527292941904 -0.24372156465908934 -0.046213175190355095 -0.08939970318230422 0.03782411975413768 0.156650017111837 0.08084355217377417 0.14203604980253437 0.05246789854250309 -0.17519578238062575 -0.35377238057902016
