1.0 0.19473877279472865 -0.24839219625028264 0.41909431890997156 -0.4946872028570119 -0.26091749173940615 -0.7488441397942821 -0.2005388279272941 -0.12338183812076088 0.024361663631771387 -0.36366286233980016 0.21440153051762456 -0.08243708998153657 -0.16758096625792943 0.3589145161220944 -0.044127634035418584 -0.11167976775153192 0.15356154206082853 -0.49485368201281327 0.3700694575414201 -0.5815648319765496 -0.18374344071040255 -0.5941296460388314 -0.08912630330876473 0.1366286805469542 0.3191344300792386 0.27084014132427986 0.17641133776532847 -0.013971568081055244 -0.32156757607869224 -0.5258812000173125 -0.18260518787770105 0.413879639850575 0.11350510801493605 -0.25651132334620186 -0.11529680578070246 0.3104118664671659 -0.28738464161877597 -0.5105374379853865 0.25018916544764586 -0.23434534344155508 0.027525535262654846 -0.1390498511709292
0.19473877279472865 1.0000000000000002 -0.7046245903089252 -0.06989477071502306 0.1068391200688496 0.041197801410525786 -0.34860019755801397 -0.324264592579043 -0.1186768772133879 -0.4180219448235107 -0.34585000896434615 0.0812432175270755 -0.15610930944207038 -0.2992370911125336 -0.014835598421218569 0.030991837343356195 -0.5058625978418232 0.2650964188107841 -0.240572513853001 -0.16620662803948189 0.4978431440336855 -0.14878805015163432 0.27206199399259484 -0.2590066764808126 -0.12025989046856096 0.42782571545324133 0.03230229410773303 0.3197204113131629 0.6294083758524578 -0.18114338403140554 0.06583544166401098 -0.07354493240027002 -0.18436974721923377 0.4942173537093402 -0.1592940161701043 0.10291355937672947 -0.8047656463891296 -0.24514939404500516 0.05135576573367729 -0.0648676697054216 0.35662777327694695 0.07511763967662652 -0.18785812023063844
-0.24839219625028264 -0.7046245903089252 0.9999999999999998 -0.107468881921229 -0.041631772983434415 -0.03255381251558287 0.405862953362201 0.4791377637076627 -0.29532584197408623 0.2932986108816202 0.20121179190936875 -0.20692840405027763 0.23888915708497874 0.23370207142716487 -0.08519709938347066 0.3886998501409937 0.3821428093748545 -0.2619738615727389 0.2914919477893965 0.39527877346945645 -0.46232020160060794 -0.22956225456158502 -0.05833989514898826 0.12858900263144138 0.25830485041310136 -0.2713280012015163 -0.44533083395968925 -0.5972265884502356 -0.3925501798867485 0.6345147310071866 0.308262097764058 -0.060942614903492745 -0.305487365421136 -0.02172847217776866 0.021242442668066235 0.32837570356619283 0.48077197819738754 0.37881441752685147 0.30883033787182507 -0.11128505365681893 -0.5206767623377165 -0.1761388540213039 0.03946064322134341
0.41909431890997156 -0.06989477071502306 -0.107468881921229 1.0000000000000002 -0.2997973092758759 -0.1959975325891864 -0.2553343246747752 0.634680303165895 -0.13895206424245476 0.03796874674669149 0.20612464868822544 0.6114044945367386 -0.31052188611326165 -0.06379853138205728 0.00461982341921775 -0.4761263901148529 0.31854349975209073 0.13568611988731155 -0.27523962770281485 0.4352216824476732 -0.2898750732465237 -0.05483902096449145 -0.009847703723577348 -0.40228629745247196 0.2403982352016479 -0.17205164991842534 0.3913447206486501 0.455801183566942 -0.43536284773993555 -0.027926478413283773 -0.12702451488400757 -0.5074400529079325 0.3067501934780433 -0.06046436245008315 0.19198696283517233 -0.4042329465718435 0.10837150738694197 0.12499325642545858 -0.40244864469745995 -0.2167885845697308 -0.32384536550166876 0.06537698570371993 0.07684884491787648
-0.4946872028570119 0.1068391200688496 -0.041631772983434415 -0.2997973092758759 0.9999999999999998 0.4766012642206071 0.041973947190343225 -0.1760715990127237 0.2217308622517398 -0.5558803429124838 0.4211401073461539 -0.36031967364932005 -0.08919361892568393 0.4350590039474611 -0.187087259803698 0.17099954741809453 0.28534674610136357 0.51009390619967 0.11869468716390284 -0.15862713338099818 0.40430122728138435 -0.12911219196328194 0.26410244438931285 0.166897584412723 -0.07898252989049723 -0.48913639292069117 -0.11261876080140457 -0.019564205829670084 -0.19560198295111692 -0.013779224582021934 0.3597302634042977 0.2099506807968294 -0.3954804408690553 0.304579184397379 -0.24331000314029272 0.402340222256593 -0.43560978128720196 0.49338337697683593 -0.050529300257930836 -0.5443740041396853 0.5202139506453982 0.050457276453683704 0.4332474814078773
-0.26091749173940615 0.041197801410525786 -0.03255381251558287 -0.1959975325891864 0.4766012642206071 1.0000000000000002 0.10445321848754431 -0.09259515082927294 -0.2040221226960605 0.029713680602443684 0.09772865093773343 -0.42481833998842194 -0.004300527094247276 0.39475823913231856 0.24477854452306777 -0.053047925633568596 0.10460666922673324 -0.05900839282506252 -0.0929317133378391 -0.4247635798501483 0.20403673264631902 -0.15394439903070345 0.3224783830063048 0.37889002308669373 -0.028176254376309592 -0.05798629736477788 -0.15961156248552588 0.050270921111201065 -0.19850414352255205 0.12751810750396927 0.2949417863982592 -0.2347993056534443 -0.18929292104240614 0.12260164937347094 0.12831219707447314 0.11783961058951668 -0.35897046599417815 0.555017552634426 0.13915128040671593 -0.04979358984873527 0.01834959870707025 0.0008103901954858066 0.11036993427006267
-0.7488441397942821 -0.34860019755801397 0.405862953362201 -0.2553343246747752 0.041973947190343225 0.10445321848754431 1.0000000000000002 0.3168125968472022 -0.049787242769329734 0.13445538784290872 0.4153936276287695 -0.06291156510048355 -0.06616170837504652 -0.09381609081355283 -0.45417260395338876 0.11661966324831266 0.1426276986741629 -0.16957084607466946 0.26486802046917907 -0.052622903159043645 0.34689968128584986 0.2561272835253071 0.29844538420714484 0.17772896804903812 -0.13649522474039955 -0.04132089030594093 -0.35273600448442727 -0.2936036762036279 -0.17636379728951787 0.44830680300911285 0.3171539312998197 0.2916540816221759 0.035827529374891996 -0.10843802607230037 0.1363003316794451 0.1010020066279946 -0.04699222994024504 0.0758434384138055 0.34557742719081036 0.09538527721147352 -0.05060317088504756 0.3209451782706327 -0.03673570007220953
-0.2005388279272941 -0.324264592579043 0.4791377637076627 0.634680303165895 -0.1760715990127237 -0.09259515082927294 0.3168125968472022 1.0 -0.4464167670761989 0.173358473772725 0.2631904586857381 0.4978194546291224 0.025361231274027528 0.05378774048208149 -0.1452172933428415 -0.1523239997889492 0.2428542492379946 -0.2245079725235488 0.026355979240448607 0.42188185417112833 -0.2179047586146849 -0.19593646495051367 0.30975501948553685 -0.2658058981218684 0.2653304377018093 -0.2991584949838805 -0.08356899309612446 -0.05873303901471143 -0.32019306621630667 0.5273274135641174 0.2721176614486072 -0.4894257238990213 -0.23658570593036252 -0.12747864021664584 0.40376541528443255 -0.25761035933496473 0.04728552192536749 0.30718794524405413 0.23515084896218205 -0.30170522240769465 -0.4973595590899596 -0.21962753369966304 0.04151733854576058
-0.12338183812076088 -0.1186768772133879 -0.29532584197408623 -0.13895206424245476 0.2217308622517398 -0.2040221226960605 -0.049787242769329734 -0.4464167670761989 0.9999999999999998 -0.1040787691161202 0.23528843581067022 -0.15803546172732622 -0.468870380742275 -0.10247642437095926 -0.00972523359250596 -0.3213211071720588 0.2053316203910193 0.19495029407081174 0.34549876314288214 -0.19062445088417015 0.2724456611762834 0.4568457890960628 -0.12900360661769647 0.013015106618474846 -0.21331167981514884 -0.22989924813789164 0.17728303374480756 0.3190292826982356 -0.11871559026664182 -0.36614427969060315 -0.20270738486068085 0.48840996335661346 0.3429459683840766 -0.06028361766036561 -0.2980561773900194 0.06444187937049667 0.18337937013982367 -0.01367349748598857 -0.44363271586752745 0.19787503752840863 0.4756371493008289 0.35179241730904004 -0.04345769312405278
0.024361663631771387 -0.4180219448235107 0.2932986108816202 0.03796874674669149 -0.5558803429124838 0.029713680602443684 0.13445538784290872 0.173358473772725 -0.1040787691161202 1.0000000000000002 -0.5057317340488653 -0.2977159303097544 0.38256412803866136 0.27357922439453575 0.10059667099712598 -0.003353399060161041 0.09598536559947314 -0.6396484184511877 0.36669080794257547 -0.2003195672314271 -0.10381522120743333 0.23871958517137062 -0.045437736986571456 0.09485155418134911 -0.07884294151859955 0.44454589209239753 0.18973770760416375 -0.22065299092652285 -0.11336510405638499 -0.05386198273412159 0.18146027998377628 -0.4689547700941456 0.19035347103797612 -0.5290477240879787 0.44950655608600915 -0.14553743930787527 0.3570102532720752 0.05473464545806348 0.2673008445770058 0.2587616370835806 -0.7086240370304143 -0.17831830994658274 -0.3316000223139921
-0.36366286233980016 -0.34585000896434615 0.20121179190936875 0.20612464868822544 0.4211401073461539 0.09772865093773343 0.4153936276287695 0.2631904586857381 0.23528843581067022 -0.5057317340488653 1.0000000000000002 0.1659302000112485 -0.5852019312161509 -0.18092284654265184 -0.22935655628122958 -0.3159011749802812 0.56657630850636 0.3790862916381952 -0.0003686353978705392 0.21882491625413156 0.029639714890384816 0.11595582471643207 0.19161856017598397 -0.1588678706269824 0.15940275006928123 -0.7021728256970092 -0.22229758650734288 0.30641828097378226 -0.5825791307125752 0.36439501593224594 0.04909815318827145 0.31257470201098236 0.10044696576141267 0.2729217775863025 -0.2195470861485721 0.14526128663731275 0.08187788995295932 0.38629710938752027 -0.3311526770121085 -0.29563706856100397 0.36885886785497407 0.46849398814823434 0.46512236244783495
0.21440153051762456 0.0812432175270755 -0.20692840405027763 0.6114044945367386 -0.36031967364932005 -0.42481833998842194 -0.06291156510048355 0.4978194546291224 -0.15803546172732622 -0.2977159303097544 0.1659302000112485 1.0 -0.13357233038297306 -0.4564989495272768 0.08322241301517763 -0.3842466682272522 -0.35500075053883684 -0.02751540353104128 -0.5060813911852351 0.3945814980006102 -0.2893881305023971 -0.032281676001584374 -0.0931349353061834 -0.21458936782791102 0.08095596601259447 -0.2226870526108084 0.0792758412457719 0.21107321815278104 0.13962879144627816 0.04346463216431319 -0.53037105756173 0.02953433809540404 0.10598172697046321 -0.19108159149265455 0.1414671313601488 -0.6787644979647457 0.07277806616059844 -0.4158462253669718 -0.14375010997684226 0.13302100454424862 0.09413590320698957 -0.150319835067236 0.01616896657487576
-0.08243708998153657 -0.15610930944207038 0.23888915708497874 -0.31052188611326165 -0.08919361892568393 -0.004300527094247276 -0.06616170837504652 0.025361231274027528 -0.468870380742275 0.38256412803866136 -0.5852019312161509 -0.13357233038297306 1.0 0.49466816338633735 0.060488501055259616 0.46951871868084966 -0.3469426331712371 -0.3659261981131133 0.10288837131205218 -0.15500318459330104 -0.19892060896955027 -0.19510022646880867 -0.1895452053124526 0.27055153982716246 -0.22744993747386924 0.24614531497644185 0.12293906395152182 -0.6387861921235012 0.3221398220736248 -0.19777561471104324 0.022475304367406922 -0.20626820407943539 -0.3429848925436009 -0.5706843914027475 0.3582627158684229 -0.20772285422247935 0.14330080448532204 -0.223407791627938 0.4710846745494767 -0.09706366464981729 -0.30071826681483577 -0.6839537235379646 0.1151111082684313
-0.16758096625792943 -0.2992370911125336 0.23370207142716487 -0.06379853138205728 0.4350590039474611 0.39475823913231856 -0.09381609081355283 0.05378774048208149 -0.10247642437095926 0.27357922439453575 -0.18092284654265184 -0.4564989495272768 0.49466816338633735 1.0000000000000002 -0.19752994956123648 0.41670831216344933 0.36351892225567345 0.14973532977177975 0.1828275568972441 -0.22096597740329554 0.003378660589121551 -0.2857688139774504 -0.031181568419100695 0.49269780426103743 0.08431293371081347 -0.16441725492413192 0.44087798865322714 -0.3983794061233671 -0.3385612860228746 -0.3243295600525321 0.41270938820807435 -0.26674643294679795 -0.15213991942606322 -0.3835778143303458 0.350447517412875 0.0388802255583557 0.0160682099839931 0.32797737545833366 0.19838637226559835 -0.37036195271000594 -0.37815884888043155 -0.4028889756398516 0.03127982286735958
0.3589145161220944 -0.014835598421218569 -0.08519709938347066 0.00461982341921775 -0.187087259803698 0.24477854452306777 -0.45417260395338876 -0.1452172933428415 -0.00972523359250596 0.10059667099712598 -0.22935655628122958 0.08322241301517763 0.060488501055259616 -0.19752994956123648 0.9999999999999999 -0.4709133271885734 -0.3745707835181161 -0.5700857118227812 -0.13599386811656017 -0.12781841231420157 -0.49048502786356896 -0.2353364079462462 -0.13158356766710158 -0.0038796853442608138 -0.08564682842584954 0.04284229890371892 -0.28967418865996153 0.21780795636231032 0.22429617214613545 0.15080956121857364 -0.463909751144501 -0.23853913392566098 -0.17156135573468867 -0.0020594693218449578 -0.05734913094641921 -0.28131541366065227 0.2593170679396409 0.20312297721080474 -0.12966726447398574 0.43623052385534067 0.03676428759693034 -0.305693577801538 0.10598257845609557
-0.044127634035418584 0.030991837343356195 0.3886998501409937 -0.4761263901148529 0.17099954741809453 -0.053047925633568596 0.11661966324831266 -0.1523239997889492 -0.3213211071720588 -0.003353399060161041 -0.3159011749802812 -0.3842466682272522 0.46951871868084966 0.41670831216344933 -0.4709133271885734 0.9999999999999999 -0.05903586623227186 0.3060670978005543 -0.024996247761809507 0.24268115244322938 -0.004233518739108268 -0.24402343415673805 -0.31513482290084716 0.45972460783979846 -0.032069107473690225 0.2358577017937 -0.09624514412559963 -0.8374782922807672 0.07714520582018647 -0.04886423706061855 0.2570545463351263 0.2580553680863433 -0.1853567456502504 0.06326272836934137 -0.20100083708308142 0.48652613827020796 -0.06493564897327095 -0.21115037104174408 0.3017154220957814 -0.11982150848185218 -0.23461600734661492 -0.12971520572127196 -0.20203244535154402
-0.11167976775153192 -0.5058625978418232 0.3821428093748545 0.31854349975209073 0.28534674610136357 0.10460666922673324 0.1426276986741629 0.2428542492379946 0.2053316203910193 0.09598536559947314 0.56657630850636 -0.35500075053883684 -0.3469426331712371 0.36351892225567345 -0.3745707835181161 -0.05903586623227186 0.9999999999999999 0.373972585460092 0.34441745997039164 0.171282115832063 -0.016006670803126483 0.09589205164583023 0.1043537254525191 -0.16955850404959946 0.2891338058824686 -0.41496781386610043 0.19038985729100327 0.1827303407935207 -0.863655737987327 0.10438395371044205 0.4530220125111229 -0.1798362812677668 0.2161851461219035 0.14266043004408469 -0.04112201323288206 0.39812004495548603 0.23373357977020798 0.6082388390970697 -0.3058846870224563 -0.5181980790279433 -0.2296008106381047 0.3753557606076152 0.2651000854530641
0.15356154206082853 0.2650964188107841 -0.2619738615727389 0.13568611988731155 0.51009390619967 -0.05900839282506252 -0.16957084607466946 -0.2245079725235488 0.19495029407081174 -0.6396484184511877 0.3790862916381952 -0.02751540353104128 -0.3659261981131133 0.14973532977177975 -0.5700857118227812 0.3060670978005543 0.373972585460092 0.9999999999999999 -0.2983272475336764 0.3132768146663088 0.21693445135089554 0.01029831587903193 -0.21192669892723662 0.03882541719176775 0.06113103484827939 -0.22040947767443297 0.2819831698565315 0.08649691104241149 -0.34344597992454334 -0.35975206829205675 0.03523980134852966 0.36164258917057635 0.2723170662907341 0.3809004191370504 -0.4643560967902512 0.3708586755438321 -0.2601760738535706 -0.06457024221480057 -0.49713812549326114 -0.4385893074017229 0.36162889894298617 0.44617797056324493 0.19310433768284274
-0.49485368201281327 -0.240572513853001 0.2914919477893965 -0.27523962770281485 0.11869468716390284 -0.0929317133378391 0.26486802046917907 0.026355979240448607 0.34549876314288214 0.36669080794257547 -0.0003686353978705392 -0.5060813911852351 0.10288837131205218 0.1828275568972441 -0.13599386811656017 -0.024996247761809507 0.34441745997039164 -0.2983272475336764 0.9999999999999998 -0.3161926419023636 0.31402262268364395 0.07632672998434441 0.38538170913124786 -0.26928727399748575 -0.17705636897995014 -0.022316492253348898 -0.0179627824947488 0.013076511703309064 0.015093503616409147 0.16725670260482173 0.5414908775335869 -0.14895252531494624 -0.2759362830023854 -0.0787809369556455 0.17852731537487704 0.29605031601967874 0.06361645584831216 0.3653861519728812 0.2821709522824271 -0.21532261101159803 -0.13075728633941855 -0.04649594582197082 -0.02238338766557266
0.3700694575414201 -0.16620662803948189 0.39527877346945645 0.4352216824476732 -0.15862713338099818 -0.4247635798501483 -0.052622903159043645 0.42188185417112833 -0.19062445088417015 -0.2003195672314271 0.21882491625413156 0.3945814980006102 -0.15500318459330104 -0.22096597740329554 -0.12781841231420157 0.24268115244322938 0.171282115832063 0.3132768146663088 -0.3161926419023636 0.9999999999999998 -0.48616745367490094 -0.03888885005800578 -0.4971562226441972 -0.18030500302425856 -0.013970193191229276 -0.07030052504451689 -0.2904473697852974 -0.2785385170865893 -0.3763904865713685 0.27985538802184534 -0.25724787271016 0.08358823852151734 0.12112580213451717 0.2738381547689396 -0.5472215956359467 0.243763355774953 0.29338184192445355 -0.01640192039485837 -0.43725018664001697 -0.12014142384149637 -0.15051762557258136 0.2330738978760437 0.1739607878314929
-0.5815648319765496 0.4978431440336855 -0.46232020160060794 -0.2898750732465237 0.40430122728138435 0.20403673264631902 0.34689968128584986 -0.2179047586146849 0.2724456611762834 -0.10381522120743333 0.029639714890384816 -0.2893881305023971 -0.19892060896955027 0.003378660589121551 -0.49048502786356896 -0.004233518739108268 -0.016006670803126483 0.21693445135089554 0.31402262268364395 -0.48616745367490094 1.0000000000000002 0.370310382993571 0.5720294193065614 -0.12003567224845157 -0.2806608596226738 0.1976139983414807 0.09744196707763332 0.22655528000930822 0.22491039887621275 -0.1689286155654854 0.5045617264856577 0.09333193143810418 -0.0646930939836703 0.16792129209318826 0.06310302131255856 0.22897361628549656 -0.7637883513374636 0.027433211620531615 0.20837262084781463 -0.23819151494949642 0.3951715755926742 0.3255413484886062 -0.09093930144362747
-0.18374344071040255 -0.14878805015163432 -0.22956225456158502 -0.05483902096449145 -0.12911219196328194 -0.15394439903070345 0.2561272835253071 -0.19593646495051367 0.4568457890960628 0.23871958517137062 0.11595582471643207 -0.032281676001584374 -0.19510022646880867 -0.2857688139774504 -0.2353364079462462 -0.24402343415673805 0.09589205164583023 0.01029831587903193 0.07632672998434441 -0.03888885005800578 0.370310382993571 1.0 -0.124730501817844 -0.15783146024405723 -0.3881980747253665 0.1434300414773406 0.0416750415649123 0.15121604722880022 -0.17560827003934684 -0.28092492011828224 -0.18001360038536318 0.27131934571812694 0.48116021864449493 -0.20540306090518146 -0.19561703854704174 0.030860476690163587 0.09873993028277095 -0.22740533571896757 -0.3114109225701765 0.08275918086167884 0.34681665860706795 0.487786264435367 0.15280031991335796
-0.5941296460388314 0.27206199399259484 -0.05833989514898826 -0.009847703723577348 0.26410244438931285 0.3224783830063048 0.29844538420714484 0.30975501948553685 -0.12900360661769647 -0.045437736986571456 0.19161856017598397 -0.0931349353061834 -0.1895452053124526 -0.031181568419100695 -0.13158356766710158 -0.31513482290084716 0.1043537254525191 -0.21192669892723662 0.38538170913124786 -0.4971562226441972 0.5720294193065614 -0.124730501817844 1.0 -0.3861755273450408 0.3037034500439632 -0.20016052413683247 -0.10421856704032474 0.41266327331638886 0.18990691429662412 0.42356924551925734 0.7162583138723148 -0.4073076113270385 -0.5358276927038819 0.2511523524474352 0.49678685148684776 0.03407565832154924 -0.627574189415755 0.4395875370839706 0.5740836335130425 -0.381059653274539 0.03821223753601155 -0.11881078562038126 -0.0658442004685991
-0.08912630330876473 -0.2590066764808126 0.12858900263144138 -0.40228629745247196 0.166897584412723 0.37889002308669373 0.17772896804903812 -0.2658058981218684 0.013015106618474846 0.09485155418134911 -0.1588678706269824 -0.21458936782791102 0.27055153982716246 0.49269780426103743 -0.0038796853442608138 0.45972460783979846 -0.16955850404959946 0.03882541719176775 -0.26928727399748575 -0.18030500302425856 -0.12003567224845157 -0.15783146024405723 -0.3861755273450408 1.0 -0.04852508157762084 -0.00998039522532277 0.05989054079627328 -0.586176820310128 -0.07446337792962379 -0.24397431267207956 -0.17148781999266097 0.4128049807770836 0.16161063234915957 -0.3764166075616327 0.07758346811653194 -0.12757367840570374 0.1715204839445844 -0.17377984551639364 0.14409133613471933 0.45986349685108646 -0.13100532753500613 -0.1727339228305453 -0.32769705301857244
0.1366286805469542 -0.12025989046856096 0.25830485041310136 0.2403982352016479 -0.07898252989049723 -0.028176254376309592 -0.13649522474039955 0.2653304377018093 -0.21331167981514884 -0.07884294151859955 0.15940275006928123 0.08095596601259447 -0.22744993747386924 0.08431293371081347 -0.08564682842584954 -0.032069107473690225 0.2891338058824686 0.06113103484827939 -0.17705636897995014 -0.013970193191229276 -0.2806608596226738 -0.3881980747253665 0.3037034500439632 -0.04852508157762084 1.0 -0.4454712775234673 0.11436749093776691 0.15246440712171452 -0.15811918325831043 0.2574635456696 0.29727363771366494 -0.22404334078426047 -0.17673738750949258 0.17835834371111203 0.3754881745114909 -0.038106917630063984 0.06369601419912552 0.14984777477407246 0.3072062914141576 -0.17223065809032326 -0.34195704943690614 -0.2627468581476767 -0.2858957967263315
0.3191344300792386 0.42782571545324133 -0.2713280012015163 -0.17205164991842534 -0.48913639292069117 -0.05798629736477788 -0.04132089030594093 -0.2991584949838805 -0.22989924813789164 0.44454589209239753 -0.7021728256970092 -0.2226870526108084 0.24614531497644185 -0.16441725492413192 0.04284229890371892 0.2358577017937 -0.41496781386610043 -0.22040947767443297 -0.022316492253348898 -0.07030052504451689 0.1976139983414807 0.1434300414773406 -0.20016052413683247 -0.00998039522532277 -0.4454712775234673 1.0 0.02554917826115283 -0.15386797602194902 0.38137171603170494 -0.2162866131662598 -0.04866516490699333 -0.1730230787574038 0.27292455081341743 0.009845976183049034 -0.11039352339707223 0.1092376743294076 -0.1934628213838892 -0.3461267240050684 0.032969822513636116 0.36034101709085303 -0.25003095737527004 0.20851964905439901 -0.30416695924738013
0.27084014132427986 0.03230229410773303 -0.44533083395968925 0.3913447206486501 -0.11261876080140457 -0.15961156248552588 -0.35273600448442727 -0.08356899309612446 0.17728303374480756 0.18973770760416375 -0.22229758650734288 0.0792758412457719 0.12293906395152182 0.44087798865322714 -0.28967418865996153 -0.09624514412559963 0.19038985729100327 0.2819831698565315 -0.0179627824947488 -0.2904473697852974 0.09744196707763332 0.0416750415649123 -0.10421856704032474 0.05989054079627328 0.11436749093776691 0.02554917826115283 1.0000000000000002 0.25497761856181655 -0.11049408179428184 -0.7986299854576208 -0.02352549736890955 -0.2024641675411878 0.44086096629146976 -0.5075817194501292 0.46471572918215914 -0.45636848459530155 0.03836130665084192 -0.29693740168711613 -0.15388556982413681 -0.15474219891447966 -0.19821955391384044 -0.14329737853334074 -0.1525062005830688
0.17641133776532847 0.3197204113131629 -0.5972265884502356 0.455801183566942 -0.019564205829670084 0.050270921111201065 -0.2936036762036279 -0.05873303901471143 0.3190292826982356 -0.22065299092652285 0.30641828097378226 0.21107321815278104 -0.6387861921235012 -0.3983794061233671 0.21780795636231032 -0.8374782922807672 0.1827303407935207 0.08649691104241149 0.013076511703309064 -0.2785385170865893 0.22655528000930822 0.15121604722880022 0.41266327331638886 -0.586176820310128 0.15246440712171452 -0.15386797602194902 0.25497761856181655 0.9999999999999999 -0.03556060296752795 -0.08822531258034229 -0.04854981782203221 -0.26188964712956403 0.20558183633697433 0.26879109915127825 0.08124553288897252 -0.21006354229632337 -0.22784514416186072 0.1870463641913793 -0.3611944971975062 -0.10979425145443943 0.31954357662489896 0.2984229301149986 0.12998131456922216
-0.013971568081055244 0.6294083758524578 -0.3925501798867485 -0.43536284773993555 -0.19560198295111692 -0.19850414352255205 -0.17636379728951787 -0.32019306621630667 -0.11871559026664182 -0.11336510405638499 -0.5825791307125752 0.13962879144627816 0.3221398220736248 -0.3385612860228746 0.22429617214613545 0.07714520582018647 -0.863655737987327 -0.34344597992454334 0.015093503616409147 -0.3763904865713685 0.22491039887621275 -0.17560827003934684 0.18990691429662412 -0.07446337792962379 -0.15811918325831043 0.38137171603170494 -0.11049408179428184 -0.03556060296752795 0.9999999999999997 -0.07377532011748714 -0.12420293281828917 0.08726929717004775 -0.41015517662136336 -0.0014977505448776956 0.14799809186757257 -0.21419361343993978 -0.3752937974318188 -0.5182832761103554 0.4900811031910156 0.28920827572953756 0.24094954231176954 -0.42276262821015587 -0.32254502994258943
-0.32156757607869224 -0.18114338403140554 0.6345147310071866 -0.027926478413283773 -0.013779224582021934 0.12751810750396927 0.44830680300911285 0.5273274135641174 -0.36614427969060315 -0.05386198273412159 0.36439501593224594 0.04346463216431319 -0.19777561471104324 -0.3243295600525321 0.15080956121857364 -0.04886423706061855 0.10438395371044205 -0.35975206829205675 0.16725670260482173 0.27985538802184534 -0.1689286155654854 -0.28092492011828224 0.42356924551925734 -0.24397431267207956 0.2574635456696 -0.2162866131662598 -0.7986299854576208 -0.08822531258034229 -0.07377532011748714 1.0 0.3313634721542892 -0.15931650344895343 -0.5067041228129354 0.45341950558268473 -0.04963078585813275 0.3057520769692333 -0.02238113726117085 0.499588021202816 0.3487381555961161 -0.04456045424834268 -0.18322295553634466 0.01586154951926682 0.03721778761070832
-0.5258812000173125 0.06583544166401098 0.308262097764058 -0.12702451488400757 0.3597302634042977 0.2949417863982592 0.3171539312998197 0.2721176614486072 -0.20270738486068085 0.18146027998377628 0.04909815318827145 -0.53037105756173 0.022475304367406922 0.41270938820807435 -0.463909751144501 0.2570545463351263 0.4530220125111229 0.03523980134852966 0.5414908775335869 -0.25724787271016 0.5045617264856577 -0.18001360038536318 0.7162583138723148 -0.17148781999266097 0.29727363771366494 -0.04866516490699333 -0.02352549736890955 -0.04854981782203221 -0.12420293281828917 0.3313634721542892 1.0000000000000002 -0.4227673992718689 -0.4655200361052246 0.27080507583403457 0.3279233124993786 0.48037576821091404 -0.484455448091883 0.5517228909107332 0.5494090837513819 -0.5763973445927812 -0.3121316618429425 -0.04733123133991755 -0.12023418108750318
-0.18260518787770105 -0.07354493240027002 -0.060942614903492745 -0.5074400529079325 0.2099506807968294 -0.2347993056534443 0.2916540816221759 -0.4894257238990213 0.48840996335661346 -0.4689547700941456 0.31257470201098236 0.02953433809540404 -0.20626820407943539 -0.26674643294679795 -0.23853913392566098 0.2580553680863433 -0.1798362812677668 0.36164258917057635 -0.14895252531494624 0.08358823852151734 0.09333193143810418 0.27131934571812694 -0.4073076113270385 0.4128049807770836 -0.22404334078426047 -0.1730230787574038 -0.2024641675411878 -0.26188964712956403 0.08726929717004775 -0.15931650344895343 -0.4227673992718689 1.0 0.269161444210988 0.013447864169350576 -0.49474510126376153 0.13574069403279782 0.17078949371464328 -0.4643041096911986 -0.22081312408418552 0.35938104460431675 0.5869796220543771 0.34188022532665463 -0.020484023623528965
0.413879639850575 -0.18436974721923377 -0.305487365421136 0.3067501934780433 -0.3954804408690553 -0.18929292104240614 0.035827529374891996 -0.23658570593036252 0.3429459683840766 0.19035347103797612 0.10044696576141267 0.10598172697046321 -0.3429848925436009 -0.15213991942606322 -0.17156135573468867 -0.1853567456502504 0.2161851461219035 0.2723170662907341 -0.2759362830023854 0.12112580213451717 -0.0646930939836703 0.48116021864449493 -0.5358276927038819 0.16161063234915957 -0.17673738750949258 0.27292455081341743 0.44086096629146976 0.20558183633697433 -0.41015517662136336 -0.5067041228129354 -0.4655200361052246 0.269161444210988 1.0 -0.24673527099245857 -0.17741022308401083 -0.19166086049690126 0.3726460397712178 -0.36952929840891446 -0.6457343543043106 0.3958338498991829 -0.04557505672955322 0.6206328368092862 -0.10161381895174709
0.11350510801493605 0.4942173537093402 -0.02172847217776866 -0.06046436245008315 0.304579184397379 0.12260164937347094 -0.10843802607230037 -0.12747864021664584 -0.06028361766036561 -0.5290477240879787 0.2729217775863025 -0.19108159149265455 -0.5706843914027475 -0.3835778143303458 -0.0020594693218449578 0.06326272836934137 0.14266043004408469 0.3809004191370504 -0.0787809369556455 0.2738381547689396 0.16792129209318826 -0.20540306090518146 0.2511523524474352 -0.3764166075616327 0.17835834371111203 0.009845976183049034 -0.5075817194501292 0.26879109915127825 -0.0014977505448776956 0.45341950558268473 0.27080507583403457 0.013447864169350576 -0.24673527099245857 0.9999999999999999 -0.5827158268447761 0.6958464487913428 -0.4449241229513149 0.365637989846473 -0.16812144009331265 -0.2352516920497592 0.26543034501987905 0.4408066256565196 0.07575309712886592
-0.25651132334620186 -0.1592940161701043 0.021242442668066235 0.19198696283517233 -0.24331000314029272 0.12831219707447314 0.1363003316794451 0.40376541528443255 -0.2980561773900194 0.44950655608600915 -0.2195470861485721 0.1414671313601488 0.3582627158684229 0.350447517412875 -0.05734913094641921 -0.20100083708308142 -0.04112201323288206 -0.4643560967902512 0.17852731537487704 -0.5472215956359467 0.06310302131255856 -0.19561703854704174 0.49678685148684776 0.07758346811653194 0.3754881745114909 -0.11039352339707223 0.46471572918215914 0.08124553288897252 0.14799809186757257 -0.04963078585813275 0.3279233124993786 -0.49474510126376153 -0.17741022308401083 -0.5827158268447761 0.9999999999999999 -0.6226951736427508 -0.0504590997686123 -0.02674126162600548 0.6481694812925125 -0.049377101326090654 -0.48066328468296304 -0.5956702246572075 -0.31020888970841154
-0.11529680578070246 0.10291355937672947 0.32837570356619283 -0.4042329465718435 0.402340222256593 0.11783961058951668 0.1010020066279946 -0.25761035933496473 0.06444187937049667 -0.14553743930787527 0.14526128663731275 -0.6787644979647457 -0.20772285422247935 0.0388802255583557 -0.28131541366065227 0.48652613827020796 0.39812004495548603 0.3708586755438321 0.29605031601967874 0.243763355774953 0.22897361628549656 0.030860476690163587 0.03407565832154924 -0.12757367840570374 -0.038106917630063984 0.1092376743294076 -0.45636848459530155 -0.21006354229632337 -0.21419361343993978 0.3057520769692333 0.48037576821091404 0.13574069403279782 -0.19166086049690126 0.6958464487913428 -0.6226951736427508 1.0 -0.19305159872005714 0.40596303565750574 -0.08035614552032339 -0.3333592821446257 0.0928118284175208 0.44224243338697317 0.11501081670460682
0.3104118664671659 -0.8047656463891296 0.48077197819738754 0.10837150738694197 -0.43560978128720196 -0.35897046599417815 -0.04699222994024504 0.04728552192536749 0.18337937013982367 0.3570102532720752 0.08187788995295932 0.07277806616059844 0.14330080448532204 0.0160682099839931 0.2593170679396409 -0.06493564897327095 0.23373357977020798 -0.2601760738535706 0.06361645584831216 0.29338184192445355 -0.7637883513374636 0.09873993028277095 -0.627574189415755 0.1715204839445844 0.06369601419912552 -0.1934628213838892 0.03836130665084192 -0.22784514416186072 -0.3752937974318188 -0.02238113726117085 -0.484455448091883 0.17078949371464328 0.3726460397712178 -0.4449241229513149 -0.0504590997686123 -0.19305159872005714 1.0 -0.10798187494286692 -0.29005762248607037 0.34428098027607035 -0.3085972354937095 -0.08105179182348173 0.07022685023240202
-0.28738464161877597 -0.24514939404500516 0.37881441752685147 0.12499325642545858 0.49338337697683593 0.555017552634426 0.0758434384138055 0.30718794524405413 -0.01367349748598857 0.05473464545806348 0.38629710938752027 -0.4158462253669718 -0.223407791627938 0.32797737545833366 0.20312297721080474 -0.21115037104174408 0.6082388390970697 -0.06457024221480057 0.3653861519728812 -0.01640192039485837 0.027433211620531615 -0.22740533571896757 0.4395875370839706 -0.17377984551639364 0.14984777477407246 -0.3461267240050684 -0.29693740168711613 0.1870463641913793 -0.5182832761103554 0.499588021202816 0.5517228909107332 -0.4643041096911986 -0.36952929840891446 0.365637989846473 -0.02674126162600548 0.40596303565750574 -0.10798187494286692 0.9999999999999999 -0.020507444688665336 -0.4297574634150178 -0.1439382714758809 0.07113073733269099 0.32894326883861735
-0.5105374379853865 0.05135576573367729 0.30883033787182507 -0.40244864469745995 -0.050529300257930836 0.13915128040671593 0.34557742719081036 0.23515084896218205 -0.44363271586752745 0.2673008445770058 -0.3311526770121085 -0.14375010997684226 0.4710846745494767 0.19838637226559835 -0.12966726447398574 0.3017154220957814 -0.3058846870224563 -0.49713812549326114 0.2821709522824271 -0.43725018664001697 0.20837262084781463 -0.3114109225701765 0.5740836335130425 0.14409133613471933 0.3072062914141576 0.032969822513636116 -0.15388556982413681 -0.3611944971975062 0.4900811031910156 0.3487381555961161 0.5494090837513819 -0.22081312408418552 -0.6457343543043106 -0.16812144009331265 0.6481694812925125 -0.08035614552032339 -0.29005762248607037 -0.020507444688665336 1.0 -0.032574884122173534 -0.3289948503386818 -0.606809180619832 -0.399755276316832
0.25018916544764586 -0.0648676697054216 -0.11128505365681893 -0.2167885845697308 -0.5443740041396853 -0.04979358984873527 0.09538527721147352 -0.30170522240769465 0.19787503752840863 0.2587616370835806 -0.29563706856100397 0.13302100454424862 -0.09706366464981729 -0.37036195271000594 0.43623052385534067 -0.11982150848185218 -0.5181980790279433 -0.4385893074017229 -0.21532261101159803 -0.12014142384149637 -0.23819151494949642 0.08275918086167884 -0.381059653274539 0.45986349685108646 -0.17223065809032326 0.36034101709085303 -0.15474219891447966 -0.10979425145443943 0.28920827572953756 -0.04456045424834268 -0.5763973445927812 0.35938104460431675 0.3958338498991829 -0.2352516920497592 -0.049377101326090654 -0.3333592821446257 0.34428098027607035 -0.4297574634150178 -0.032574884122173534 1.0000000000000002 -0.08254140263294578 0.06962664934065567 -0.5442115108566085
-0.23434534344155508 0.35662777327694695 -0.5206767623377165 -0.32384536550166876 0.5202139506453982 0.01834959870707025 -0.05060317088504756 -0.4973595590899596 0.4756371493008289 -0.7086240370304143 0.36885886785497407 0.09413590320698957 -0.30071826681483577 -0.37815884888043155 0.03676428759693034 -0.23461600734661492 -0.2296008106381047 0.36162889894298617 -0.13075728633941855 -0.15051762557258136 0.3951715755926742 0.34681665860706795 0.03821223753601155 -0.13100532753500613 -0.34195704943690614 -0.25003095737527004 -0.19821955391384044 0.31954357662489896 0.24094954231176954 -0.18322295553634466 -0.3121316618429425 0.5869796220543771 -0.04557505672955322 0.26543034501987905 -0.48066328468296304 0.0928118284175208 -0.3085972354937095 -0.1439382714758809 -0.3289948503386818 -0.08254140263294578 1.0000000000000002 0.2945018646763334 0.4440762887214351
0.027525535262654846 0.07511763967662652 -0.1761388540213039 0.06537698570371993 0.050457276453683704 0.0008103901954858066 0.3209451782706327 -0.21962753369966304 0.35179241730904004 -0.17831830994658274 0.46849398814823434 -0.150319835067236 -0.6839537235379646 -0.4028889756398516 -0.305693577801538 -0.12971520572127196 0.3753557606076152 0.44617797056324493 -0.04649594582197082 0.2330738978760437 0.3255413484886062 0.487786264435367 -0.11881078562038126 -0.1727339228305453 -0.2627468581476767 0.20851964905439901 -0.14329737853334074 0.2984229301149986 -0.42276262821015587 0.01586154951926682 -0.04733123133991755 0.34188022532665463 0.6206328368092862 0.4408066256565196 -0.5956702246572075 0.44224243338697317 -0.08105179182348173 0.07113073733269099 -0.606809180619832 0.06962664934065567 0.2945018646763334 0.9999999999999999 0.14669718664430736
-0.1390498511709292 -0.18785812023063844 0.03946064322134341 0.07684884491787648 0.4332474814078773 0.11036993427006267 -0.03673570007220953 0.04151733854576058 -0.04345769312405278 -0.3316000223139921 0.46512236244783495 0.01616896657487576 0.1151111082684313 0.03127982286735958 0.10598257845609557 -0.20203244535154402 0.2651000854530641 0.19310433768284274 -0.02238338766557266 0.1739607878314929 -0.09093930144362747 0.15280031991335796 -0.0658442004685991 -0.32769705301857244 -0.2858957967263315 -0.30416695924738013 -0.1525062005830688 0.12998131456922216 -0.32254502994258943 0.03721778761070832 -0.12023418108750318 -0.020484023623528965 -0.10161381895174709 0.07575309712886592 -0.31020888970841154 0.11501081670460682 0.07022685023240202 0.32894326883861735 -0.399755276316832 -0.5442115108566085 0.4440762887214351 0.14669718664430736 1.0000000000000002
