0.9999999999999998 0.19473877279472873 -0.24839219625028258 0.41909431890997156 -0.49468720285701195 -0.2609174917394061 -0.748844139794282 -0.20053882792729397 -0.12338183812076088 0.02436166363177141 -0.3636628623398001 0.21440153051762464 -0.08243708998153657 -0.16758096625792945 0.35891451612209446 -0.044127634035418556 -0.111679767751532 0.15356154206082848 -0.49485368201281327 0.3700694575414201 -0.5815648319765496 -0.18374344071040258 -0.5941296460388312 -0.08912630330876477 0.13662868054695423 0.3191344300792386 0.27084014132427975 0.1764113377653285 -0.013971568081055189 -0.32156757607869213 -0.5258812000173125 -0.18260518787770114 0.41387963985057497 0.11350510801493616 -0.2565113233462018 -0.11529680578070263 0.3104118664671658 -0.2873846416187759 -0.5105374379853864 0.2501891654476458 -0.2343453434415551 0.02752553526265481 -0.13904985117092916
0.19473877279472873 0.9999999999999999 -0.7046245903089251 -0.06989477071502295 0.10683912006884952 0.04119780141052576 -0.34860019755801397 -0.32426459257904294 -0.1186768772133879 -0.41802194482351057 -0.34585000896434615 0.08124321752707556 -0.15610930944207038 -0.2992370911125336 -0.014835598421218458 0.03099183734335614 -0.5058625978418232 0.26509641881078383 -0.24057251385300096 -0.1662066280394818 0.4978431440336854 -0.14878805015163432 0.2720619939925949 -0.25900667648081266 -0.12025989046856095 0.42782571545324144 0.032302294107733005 0.3197204113131629 0.6294083758524578 -0.18114338403140534 0.06583544166401098 -0.07354493240027014 -0.18436974721923377 0.4942173537093401 -0.15929401617010436 0.10291355937672934 -0.8047656463891296 -0.2451493940450051 0.05135576573367718 -0.06486766970542154 0.35662777327694684 0.07511763967662646 -0.18785812023063847
-0.24839219625028258 -0.7046245903089251 0.9999999999999999 -0.10746888192122903 -0.04163177298343451 -0.03255381251558284 0.405862953362201 0.47913776370766276 -0.29532584197408634 0.2932986108816202 0.20121179190936866 -0.2069284040502777 0.2388891570849787 0.23370207142716473 -0.0851970993834706 0.3886998501409937 0.3821428093748545 -0.26197386157273883 0.2914919477893967 0.3952787734694565 -0.4623202016006081 -0.22956225456158508 -0.05833989514898828 0.1285890026314414 0.25830485041310136 -0.2713280012015163 -0.44533083395968937 -0.5972265884502356 -0.3925501798867485 0.6345147310071866 0.30826209776405805 -0.06094261490349276 -0.3054873654211361 -0.02172847217776859 0.021242442668066262 0.3283757035661929 0.4807719781973876 0.3788144175268516 0.3088303378718251 -0.1112850536568189 -0.5206767623377165 -0.17613885402130391 0.03946064322134344
0.41909431890997156 -0.06989477071502295 -0.10746888192122903 1.0 -0.2997973092758759 -0.19599753258918634 -0.25533432467477524 0.634680303165895 -0.13895206424245482 0.03796874674669141 0.20612464868822547 0.6114044945367387 -0.31052188611326165 -0.0637985313820573 0.004619823419217778 -0.47612639011485286 0.31854349975209073 0.13568611988731163 -0.27523962770281485 0.4352216824476733 -0.28987507324652373 -0.05483902096449146 -0.009847703723577317 -0.402286297452472 0.2403982352016479 -0.1720516499184254 0.39134472064865006 0.455801183566942 -0.43536284773993555 -0.0279264784132838 -0.12702451488400768 -0.5074400529079325 0.3067501934780433 -0.06046436245008313 0.19198696283517233 -0.40423294657184344 0.10837150738694201 0.12499325642545858 -0.40244864469745983 -0.2167885845697308 -0.3238453655016687 0.06537698570371997 0.07684884491787645
-0.49468720285701195 0.10683912006884952 -0.04163177298343451 -0.2997973092758759 0.9999999999999998 0.4766012642206071 0.04197394719034325 -0.17607159901272376 0.22173086225173982 -0.5558803429124839 0.42114010734615376 -0.3603196736493201 -0.08919361892568395 0.43505900394746105 -0.18708725980369809 0.17099954741809453 0.2853467461013635 0.5100939061996701 0.11869468716390284 -0.15862713338099824 0.40430122728138435 -0.12911219196328194 0.26410244438931285 0.1668975844127231 -0.07898252989049724 -0.48913639292069094 -0.11261876080140439 -0.019564205829670105 -0.19560198295111686 -0.013779224582021982 0.35973026340429765 0.2099506807968296 -0.3954804408690552 0.3045791843973789 -0.2433100031402927 0.402340222256593 -0.43560978128720196 0.49338337697683576 -0.05052930025793084 -0.5443740041396853 0.5202139506453982 0.050457276453683635 0.43324748140787717
-0.2609174917394061 0.04119780141052576 -0.03255381251558284 -0.19599753258918634 0.4766012642206071 1.0000000000000002 0.1044532184875443 -0.09259515082927283 -0.20402212269606051 0.02971368060244362 0.09772865093773338 -0.4248183399884219 -0.004300527094247247 0.3947582391323185 0.24477854452306771 -0.05304792563356858 0.10460666922673323 -0.05900839282506251 -0.09293171333783908 -0.42476357985014823 0.20403673264631894 -0.15394439903070345 0.3224783830063048 0.3788900230866938 -0.028176254376309634 -0.05798629736477789 -0.15961156248552585 0.05027092111120104 -0.19850414352255208 0.12751810750396927 0.2949417863982592 -0.23479930565344423 -0.1892929210424061 0.12260164937347084 0.12831219707447317 0.11783961058951667 -0.35897046599417815 0.555017552634426 0.13915128040671595 -0.049793589848735276 0.018349598707070192 0.0008103901954857623 0.11036993427006263
-0.748844139794282 -0.34860019755801397 0.405862953362201 -0.25533432467477524 0.04197394719034325 0.1044532184875443 1.0000000000000002 0.3168125968472022 -0.049787242769329776 0.13445538784290867 0.41539362762876947 -0.06291156510048367 -0.06616170837504655 -0.09381609081355285 -0.45417260395338876 0.11661966324831258 0.14262769867416294 -0.1695708460746694 0.2648680204691792 -0.05262290315904359 0.34689968128584986 0.25612728352530717 0.2984453842071448 0.17772896804903812 -0.13649522474039955 -0.04132089030594107 -0.35273600448442716 -0.2936036762036278 -0.1763637972895179 0.4483068030091129 0.31715393129981967 0.29165408162217593 0.03582752937489202 -0.10843802607230048 0.1363003316794451 0.10100200662799469 -0.04699222994024498 0.07584343841380554 0.34557742719081036 0.09538527721147352 -0.05060317088504754 0.3209451782706328 -0.03673570007220945
-0.20053882792729397 -0.32426459257904294 0.47913776370766276 0.634680303165895 -0.17607159901272376 -0.09259515082927283 0.3168125968472022 1.0 -0.446416767076199 0.17335847377272498 0.2631904586857381 0.49781945462912236 0.02536123127402753 0.05378774048208148 -0.14521729334284145 -0.15232399978894925 0.24285424923799456 -0.22450797252354876 0.026355979240448617 0.42188185417112845 -0.21790475861468492 -0.19593646495051367 0.30975501948553685 -0.2658058981218683 0.26533043770180936 -0.29915849498388053 -0.08356899309612456 -0.05873303901471143 -0.3201930662163067 0.5273274135641174 0.2721176614486072 -0.4894257238990213 -0.2365857059303625 -0.12747864021664587 0.4037654152844326 -0.2576103593349647 0.04728552192536756 0.30718794524405413 0.23515084896218214 -0.3017052224076947 -0.49735955908995966 -0.21962753369966298 0.0415173385457606
-0.12338183812076088 -0.1186768772133879 -0.29532584197408634 -0.13895206424245482 0.22173086225173982 -0.20402212269606051 -0.049787242769329776 -0.446416767076199 0.9999999999999998 -0.10407876911612031 0.23528843581067022 -0.1580354617273262 -0.46887038074227494 -0.10247642437095922 -0.00972523359250601 -0.32132110717205886 0.20533162039101924 0.19495029407081177 0.34549876314288214 -0.19062445088417024 0.2724456611762834 0.45684578909606294 -0.12900360661769653 0.013015106618474954 -0.21331167981514879 -0.2298992481378916 0.17728303374480756 0.31902928269823555 -0.11871559026664182 -0.36614427969060315 -0.20270738486068096 0.4884099633566135 0.34294596838407654 -0.06028361766036563 -0.2980561773900194 0.06444187937049668 0.1833793701398236 -0.013673497485988636 -0.4436327158675274 0.19787503752840865 0.47563714930082895 0.35179241730903993 -0.0434576931240528
0.02436166363177141 -0.41802194482351057 0.2932986108816202 0.03796874674669141 -0.5558803429124839 0.02971368060244362 0.13445538784290867 0.17335847377272498 -0.10407876911612031 1.0000000000000002 -0.5057317340488652 -0.29771593030975435 0.3825641280386615 0.27357922439453586 0.10059667099712592 -0.003353399060160871 0.09598536559947306 -0.6396484184511877 0.3666908079425756 -0.20031956723142713 -0.10381522120743349 0.23871958517137065 -0.045437736986571525 0.09485155418134926 -0.07884294151859952 0.4445458920923975 0.1897377076041638 -0.220652990926523 -0.113365104056385 -0.0538619827341218 0.18146027998377626 -0.4689547700941455 0.19035347103797617 -0.5290477240879787 0.4495065560860092 -0.14553743930787538 0.3570102532720755 0.05473464545806337 0.2673008445770058 0.2587616370835805 -0.7086240370304144 -0.1783183099465827 -0.3316000223139921
-0.3636628623398001 -0.34585000896434615 0.20121179190936866 0.20612464868822547 0.42114010734615376 0.09772865093773338 0.41539362762876947 0.2631904586857381 0.23528843581067022 -0.5057317340488652 0.9999999999999999 0.16593020001124842 -0.5852019312161508 -0.18092284654265184 -0.22935655628122953 -0.31590117498028125 0.56657630850636 0.3790862916381953 -0.00036863539787052366 0.2188249162541315 0.02963971489038482 0.11595582471643205 0.1916185601759839 -0.15886787062698238 0.1594027500692812 -0.7021728256970092 -0.22229758650734277 0.3064182809737822 -0.5825791307125752 0.3643950159322458 0.0490981531882713 0.31257470201098236 0.1004469657614127 0.27292177758630226 -0.21954708614857193 0.14526128663731272 0.08187788995295933 0.38629710938752015 -0.33115267701210827 -0.29563706856100386 0.36885886785497396 0.4684939881482343 0.46512236244783484
0.21440153051762464 0.08124321752707556 -0.2069284040502777 0.6114044945367387 -0.3603196736493201 -0.4248183399884219 -0.06291156510048367 0.49781945462912236 -0.1580354617273262 -0.29771593030975435 0.16593020001124842 1.0 -0.13357233038297303 -0.4564989495272768 0.08322241301517773 -0.3842466682272523 -0.35500075053883684 -0.02751540353104134 -0.5060813911852353 0.39458149800061026 -0.2893881305023971 -0.03228167600158435 -0.09313493530618348 -0.21458936782791102 0.0809559660125945 -0.2226870526108084 0.07927584124577193 0.21107321815278113 0.13962879144627818 0.04346463216431315 -0.5303710575617299 0.02953433809540387 0.10598172697046329 -0.19108159149265463 0.1414671313601489 -0.6787644979647457 0.07277806616059834 -0.4158462253669718 -0.1437501099768422 0.13302100454424867 0.09413590320698954 -0.15031983506723598 0.016168966574875713
-0.08243708998153657 -0.15610930944207038 0.2388891570849787 -0.31052188611326165 -0.08919361892568395 -0.004300527094247247 -0.06616170837504655 0.02536123127402753 -0.46887038074227494 0.3825641280386615 -0.5852019312161508 -0.13357233038297303 1.0 0.49466816338633735 0.06048850105525964 0.46951871868084966 -0.3469426331712371 -0.36592619811311333 0.10288837131205218 -0.15500318459330098 -0.19892060896955033 -0.19510022646880873 -0.18954520531245267 0.27055153982716246 -0.22744993747386924 0.2461453149764419 0.12293906395152175 -0.6387861921235011 0.3221398220736248 -0.19777561471104316 0.022475304367406967 -0.2062682040794354 -0.3429848925436009 -0.5706843914027474 0.35826271586842284 -0.20772285422247935 0.1433008044853221 -0.22340779162793803 0.47108467454947667 -0.09706366464981732 -0.30071826681483577 -0.6839537235379646 0.11511110826843135
-0.16758096625792945 -0.2992370911125336 0.23370207142716473 -0.0637985313820573 0.43505900394746105 0.3947582391323185 -0.09381609081355285 0.05378774048208148 -0.10247642437095922 0.27357922439453586 -0.18092284654265184 -0.4564989495272768 0.49466816338633735 1.0000000000000002 -0.1975299495612365 0.41670831216344933 0.3635189222556734 0.14973532977177975 0.18282755689724417 -0.22096597740329557 0.0033786605891214694 -0.2857688139774504 -0.03118156841910059 0.4926978042610375 0.08431293371081346 -0.1644172549241319 0.4408779886532272 -0.3983794061233671 -0.3385612860228746 -0.3243295600525321 0.4127093882080743 -0.2667464329467979 -0.15213991942606325 -0.3835778143303457 0.35044751741287505 0.038880225558355734 0.01606820998399319 0.3279773754583337 0.19838637226559833 -0.37036195271000594 -0.3781588488804315 -0.4028889756398515 0.03127982286735963
0.35891451612209446 -0.014835598421218458 -0.0851970993834706 0.004619823419217778 -0.18708725980369809 0.24477854452306771 -0.45417260395338876 -0.14521729334284145 -0.00972523359250601 0.10059667099712592 -0.22935655628122953 0.08322241301517773 0.06048850105525964 -0.1975299495612365 0.9999999999999998 -0.4709133271885734 -0.37457078351811607 -0.5700857118227812 -0.1359938681165603 -0.12781841231420155 -0.49048502786356896 -0.23533640794624622 -0.13158356766710164 -0.003879685344260786 -0.08564682842584954 0.04284229890371892 -0.2896741886599615 0.21780795636231032 0.22429617214613545 0.15080956121857358 -0.463909751144501 -0.23853913392566103 -0.17156135573468864 -0.0020594693218449647 -0.05734913094641921 -0.2813154136606523 0.2593170679396409 0.2031229772108047 -0.12966726447398574 0.4362305238553407 0.03676428759693024 -0.305693577801538 0.10598257845609566
-0.044127634035418556 0.03099183734335614 0.3886998501409937 -0.47612639011485286 0.17099954741809453 -0.05304792563356858 0.11661966324831258 -0.15232399978894925 -0.32132110717205886 -0.003353399060160871 -0.31590117498028125 -0.3842466682272523 0.46951871868084966 0.41670831216344933 -0.4709133271885734 1.0 -0.05903586623227186 0.3060670978005543 -0.02499624776180941 0.24268115244322946 -0.004233518739108294 -0.244023434156738 -0.31513482290084716 0.4597246078397984 -0.03206910747369027 0.23585770179370016 -0.09624514412559963 -0.8374782922807672 0.07714520582018647 -0.04886423706061855 0.2570545463351263 0.2580553680863432 -0.18535674565025043 0.06326272836934159 -0.20100083708308153 0.4865261382702081 -0.0649356489732709 -0.21115037104174403 0.3017154220957812 -0.11982150848185219 -0.23461600734661484 -0.129715205721272 -0.20203244535154402
-0.111679767751532 -0.5058625978418232 0.3821428093748545 0.31854349975209073 0.2853467461013635 0.10460666922673323 0.14262769867416294 0.24285424923799456 0.20533162039101924 0.09598536559947306 0.56657630850636 -0.35500075053883684 -0.3469426331712371 0.3635189222556734 -0.37457078351811607 -0.05903586623227186 0.9999999999999999 0.3739725854600921 0.34441745997039175 0.17128211583206296 -0.016006670803126566 0.09589205164583021 0.10435372545251924 -0.16955850404959946 0.2891338058824687 -0.41496781386610043 0.1903898572910032 0.1827303407935207 -0.863655737987327 0.104383953710442 0.45302201251112284 -0.17983628126776666 0.21618514612190348 0.14266043004408466 -0.04112201323288203 0.3981200449554861 0.2337335797702081 0.6082388390970698 -0.30588468702245625 -0.5181980790279433 -0.22960081063810464 0.3753557606076153 0.2651000854530641
0.15356154206082848 0.26509641881078383 -0.26197386157273883 0.13568611988731163 0.5100939061996701 -0.05900839282506251 -0.1695708460746694 -0.22450797252354876 0.19495029407081177 -0.6396484184511877 0.3790862916381953 -0.02751540353104134 -0.36592619811311333 0.14973532977177975 -0.5700857118227812 0.3060670978005543 0.3739725854600921 1.0 -0.29832724753367645 0.3132768146663089 0.2169344513508953 0.010298315879031909 -0.2119266989272365 0.038825417191767665 0.06113103484827948 -0.22040947767443295 0.2819831698565315 0.08649691104241147 -0.3434459799245435 -0.35975206829205664 0.0352398013485296 0.3616425891705764 0.2723170662907341 0.3809004191370506 -0.4643560967902513 0.37085867554383223 -0.2601760738535705 -0.06457024221480051 -0.49713812549326125 -0.43858930740172297 0.36162889894298617 0.446177970563245 0.1931043376828428
-0.49485368201281327 -0.24057251385300096 0.2914919477893967 -0.27523962770281485 0.11869468716390284 -0.09293171333783908 0.2648680204691792 0.026355979240448617 0.34549876314288214 0.3666908079425756 -0.00036863539787052366 -0.5060813911852353 0.10288837131205218 0.18282755689724417 -0.1359938681165603 -0.02499624776180941 0.34441745997039175 -0.29832724753367645 1.0 -0.3161926419023637 0.31402262268364395 0.07632672998434442 0.38538170913124803 -0.26928727399748575 -0.17705636897995009 -0.02231649225334895 -0.017962782494748874 0.01307651170330899 0.015093503616409066 0.1672567026048218 0.541490877533587 -0.14895252531494624 -0.2759362830023855 -0.07878093695564546 0.17852731537487704 0.2960503160196789 0.06361645584831228 0.3653861519728814 0.28217095228242717 -0.21532261101159814 -0.13075728633941863 -0.046495945821970856 -0.02238338766557267
0.3700694575414201 -0.1662066280394818 0.3952787734694565 0.4352216824476733 -0.15862713338099824 -0.42476357985014823 -0.05262290315904359 0.42188185417112845 -0.19062445088417024 -0.20031956723142713 0.2188249162541315 0.39458149800061026 -0.15500318459330098 -0.22096597740329557 -0.12781841231420155 0.24268115244322946 0.17128211583206296 0.3132768146663089 -0.3161926419023637 1.0 -0.48616745367490094 -0.038888850058005804 -0.4971562226441971 -0.18030500302425856 -0.013970193191229276 -0.07030052504451685 -0.2904473697852974 -0.27853851708658933 -0.3763904865713684 0.2798553880218454 -0.2572478727101601 0.0835882385215173 0.12112580213451712 0.27383815476893963 -0.5472215956359467 0.243763355774953 0.29338184192445355 -0.016401920394858424 -0.437250186640017 -0.12014142384149637 -0.1505176255725814 0.23307389787604368 0.1739607878314929
-0.5815648319765496 0.4978431440336854 -0.4623202016006081 -0.28987507324652373 0.40430122728138435 0.20403673264631894 0.34689968128584986 -0.21790475861468492 0.2724456611762834 -0.10381522120743349 0.02963971489038482 -0.2893881305023971 -0.19892060896955033 0.0033786605891214694 -0.49048502786356896 -0.004233518739108294 -0.016006670803126566 0.2169344513508953 0.31402262268364395 -0.48616745367490094 1.0000000000000002 0.37031038299357105 0.5720294193065614 -0.1200356722484516 -0.28066085962267384 0.19761399834148066 0.09744196707763332 0.22655528000930827 0.2249103988762128 -0.16892861556548533 0.5045617264856577 0.0933319314381043 -0.06469309398367032 0.16792129209318823 0.06310302131255846 0.22897361628549656 -0.7637883513374636 0.02743321162053163 0.20837262084781458 -0.23819151494949642 0.39517157559267446 0.3255413484886063 -0.09093930144362747
-0.18374344071040258 -0.14878805015163432 -0.22956225456158508 -0.05483902096449146 -0.12911219196328194 -0.15394439903070345 0.25612728352530717 -0.19593646495051367 0.45684578909606294 0.23871958517137065 0.11595582471643205 -0.03228167600158435 -0.19510022646880873 -0.2857688139774504 -0.23533640794624622 -0.244023434156738 0.09589205164583021 0.010298315879031909 0.07632672998434442 -0.038888850058005804 0.37031038299357105 1.0 -0.12473050181784405 -0.1578314602440572 -0.3881980747253665 0.1434300414773406 0.04167504156491234 0.15121604722880022 -0.17560827003934687 -0.28092492011828224 -0.18001360038536326 0.271319345718127 0.481160218644495 -0.2054030609051815 -0.19561703854704174 0.030860476690163563 0.09873993028277096 -0.22740533571896765 -0.3114109225701765 0.08275918086167898 0.34681665860706795 0.4877862644353671 0.15280031991335782
-0.5941296460388312 0.2720619939925949 -0.05833989514898828 -0.009847703723577317 0.26410244438931285 0.3224783830063048 0.2984453842071448 0.30975501948553685 -0.12900360661769653 -0.045437736986571525 0.1916185601759839 -0.09313493530618348 -0.18954520531245267 -0.03118156841910059 -0.13158356766710164 -0.31513482290084716 0.10435372545251924 -0.2119266989272365 0.38538170913124803 -0.4971562226441971 0.5720294193065614 -0.12473050181784405 1.0 -0.38617552734504085 0.3037034500439632 -0.20016052413683239 -0.10421856704032458 0.41266327331638897 0.189906914296624 0.42356924551925734 0.716258313872315 -0.40730761132703863 -0.5358276927038818 0.2511523524474352 0.49678685148684776 0.034075658321549324 -0.6275741894157552 0.43958753708397075 0.5740836335130425 -0.38105965327453906 0.03821223753601145 -0.1188107856203812 -0.06584420046859915
-0.08912630330876477 -0.25900667648081266 0.1285890026314414 -0.402286297452472 0.1668975844127231 0.3788900230866938 0.17772896804903812 -0.2658058981218683 0.013015106618474954 0.09485155418134926 -0.15886787062698238 -0.21458936782791102 0.27055153982716246 0.4926978042610375 -0.003879685344260786 0.4597246078397984 -0.16955850404959946 0.038825417191767665 -0.26928727399748575 -0.18030500302425856 -0.1200356722484516 -0.1578314602440572 -0.38617552734504085 1.0 -0.048525081577620865 -0.009980395225322812 0.05989054079627322 -0.586176820310128 -0.07446337792962382 -0.2439743126720795 -0.1714878199926609 0.4128049807770836 0.16161063234915954 -0.37641660756163264 0.07758346811653194 -0.12757367840570372 0.17152048394458447 -0.17377984551639358 0.1440913361347193 0.45986349685108646 -0.1310053275350061 -0.17273392283054528 -0.3276970530185724
0.13662868054695423 -0.12025989046856095 0.25830485041310136 0.2403982352016479 -0.07898252989049724 -0.028176254376309634 -0.13649522474039955 0.26533043770180936 -0.21331167981514879 -0.07884294151859952 0.1594027500692812 0.0809559660125945 -0.22744993747386924 0.08431293371081346 -0.08564682842584954 -0.03206910747369027 0.2891338058824687 0.06113103484827948 -0.17705636897995009 -0.013970193191229276 -0.28066085962267384 -0.3881980747253665 0.3037034500439632 -0.048525081577620865 1.0000000000000002 -0.44547127752346727 0.11436749093776685 0.1524644071217145 -0.15811918325831045 0.2574635456696 0.297273637713665 -0.22404334078426053 -0.17673738750949258 0.17835834371111206 0.3754881745114909 -0.03810691763006396 0.06369601419912557 0.14984777477407246 0.3072062914141577 -0.17223065809032334 -0.3419570494369061 -0.2627468581476766 -0.28589579672633136
0.3191344300792386 0.42782571545324144 -0.2713280012015163 -0.1720516499184254 -0.48913639292069094 -0.05798629736477789 -0.04132089030594107 -0.29915849498388053 -0.2298992481378916 0.4445458920923975 -0.7021728256970092 -0.2226870526108084 0.2461453149764419 -0.1644172549241319 0.04284229890371892 0.23585770179370016 -0.41496781386610043 -0.22040947767443295 -0.02231649225334895 -0.07030052504451685 0.19761399834148066 0.1434300414773406 -0.20016052413683239 -0.009980395225322812 -0.44547127752346727 1.0 0.02554917826115281 -0.15386797602194907 0.38137171603170494 -0.21628661316625986 -0.04866516490699329 -0.17302307875740383 0.27292455081341743 0.009845976183049207 -0.11039352339707242 0.1092376743294076 -0.19346282138388923 -0.34612672400506833 0.03296982251363592 0.360341017090853 -0.25003095737527004 0.20851964905439904 -0.30416695924738013
0.27084014132427975 0.032302294107733005 -0.44533083395968937 0.39134472064865006 -0.11261876080140439 -0.15961156248552585 -0.35273600448442716 -0.08356899309612456 0.17728303374480756 0.1897377076041638 -0.22229758650734277 0.07927584124577193 0.12293906395152175 0.4408779886532272 -0.2896741886599615 -0.09624514412559963 0.1903898572910032 0.2819831698565315 -0.017962782494748874 -0.2904473697852974 0.09744196707763332 0.04167504156491234 -0.10421856704032458 0.05989054079627322 0.11436749093776685 0.02554917826115281 0.9999999999999999 0.25497761856181655 -0.11049408179428181 -0.7986299854576205 -0.023525497368909486 -0.20246416754118768 0.4408609662914697 -0.5075817194501289 0.4647157291821591 -0.4563684845953015 0.03836130665084186 -0.2969374016871161 -0.15388556982413676 -0.1547421989144798 -0.19821955391384022 -0.14329737853334057 -0.15250620058306869
0.1764113377653285 0.3197204113131629 -0.5972265884502356 0.455801183566942 -0.019564205829670105 0.05027092111120104 -0.2936036762036278 -0.05873303901471143 0.31902928269823555 -0.220652990926523 0.3064182809737822 0.21107321815278113 -0.6387861921235011 -0.3983794061233671 0.21780795636231032 -0.8374782922807672 0.1827303407935207 0.08649691104241147 0.01307651170330899 -0.27853851708658933 0.22655528000930827 0.15121604722880022 0.41266327331638897 -0.586176820310128 0.1524644071217145 -0.15386797602194907 0.25497761856181655 0.9999999999999999 -0.03556060296752795 -0.08822531258034229 -0.048549817822032236 -0.26188964712956403 0.20558183633697436 0.2687910991512781 0.08124553288897253 -0.21006354229632346 -0.22784514416186077 0.1870463641913793 -0.3611944971975061 -0.10979425145443943 0.3195435766248989 0.2984229301149986 0.1299813145692221
-0.013971568081055189 0.6294083758524578 -0.3925501798867485 -0.43536284773993555 -0.19560198295111686 -0.19850414352255208 -0.1763637972895179 -0.3201930662163067 -0.11871559026664182 -0.113365104056385 -0.5825791307125752 0.13962879144627818 0.3221398220736248 -0.3385612860228746 0.22429617214613545 0.07714520582018647 -0.863655737987327 -0.3434459799245435 0.015093503616409066 -0.3763904865713684 0.2249103988762128 -0.17560827003934687 0.189906914296624 -0.07446337792962382 -0.15811918325831045 0.38137171603170494 -0.11049408179428181 -0.03556060296752795 0.9999999999999997 -0.07377532011748707 -0.12420293281828909 0.08726929717004767 -0.4101551766213633 -0.0014977505448776748 0.14799809186757257 -0.21419361343993987 -0.37529379743181884 -0.5182832761103555 0.4900811031910155 0.28920827572953756 0.24094954231176954 -0.42276262821015587 -0.32254502994258943
-0.32156757607869213 -0.18114338403140534 0.6345147310071866 -0.0279264784132838 -0.013779224582021982 0.12751810750396927 0.4483068030091129 0.5273274135641174 -0.36614427969060315 -0.0538619827341218 0.3643950159322458 0.04346463216431315 -0.19777561471104316 -0.3243295600525321 0.15080956121857358 -0.04886423706061855 0.104383953710442 -0.35975206829205664 0.1672567026048218 0.2798553880218454 -0.16892861556548533 -0.28092492011828224 0.42356924551925734 -0.2439743126720795 0.2574635456696 -0.21628661316625986 -0.7986299854576205 -0.08822531258034229 -0.07377532011748707 1.0 0.33136347215428924 -0.1593165034489534 -0.5067041228129355 0.45341950558268457 -0.049630785858132694 0.30575207696923334 -0.022381137261170875 0.4995880212028159 0.34873815559611615 -0.04456045424834264 -0.18322295553634468 0.01586154951926675 0.037217787610708264
-0.5258812000173125 0.06583544166401098 0.30826209776405805 -0.12702451488400768 0.35973026340429765 0.2949417863982592 0.31715393129981967 0.2721176614486072 -0.20270738486068096 0.18146027998377626 0.0490981531882713 -0.5303710575617299 0.022475304367406967 0.4127093882080743 -0.463909751144501 0.2570545463351263 0.45302201251112284 0.0352398013485296 0.541490877533587 -0.2572478727101601 0.5045617264856577 -0.18001360038536326 0.716258313872315 -0.1714878199926609 0.297273637713665 -0.04866516490699329 -0.023525497368909486 -0.048549817822032236 -0.12420293281828909 0.33136347215428924 1.0000000000000004 -0.4227673992718688 -0.4655200361052247 0.27080507583403457 0.32792331249937867 0.4803757682109141 -0.4844554480918829 0.5517228909107333 0.549409083751382 -0.5763973445927812 -0.3121316618429425 -0.04733123133991763 -0.12023418108750326
-0.18260518787770114 -0.07354493240027014 -0.06094261490349276 -0.5074400529079325 0.2099506807968296 -0.23479930565344423 0.29165408162217593 -0.4894257238990213 0.4884099633566135 -0.4689547700941455 0.31257470201098236 0.02953433809540387 -0.2062682040794354 -0.2667464329467979 -0.23853913392566103 0.2580553680863432 -0.17983628126776666 0.3616425891705764 -0.14895252531494624 0.0835882385215173 0.0933319314381043 0.271319345718127 -0.40730761132703863 0.4128049807770836 -0.22404334078426053 -0.17302307875740383 -0.20246416754118768 -0.26188964712956403 0.08726929717004767 -0.1593165034489534 -0.4227673992718688 0.9999999999999998 0.26916144421098803 0.013447864169350567 -0.49474510126376137 0.13574069403279787 0.1707894937146431 -0.46430410969119873 -0.22081312408418557 0.3593810446043168 0.5869796220543773 0.34188022532665463 -0.020484023623528955
0.41387963985057497 -0.18436974721923377 -0.3054873654211361 0.3067501934780433 -0.3954804408690552 -0.1892929210424061 0.03582752937489202 -0.2365857059303625 0.34294596838407654 0.19035347103797617 0.1004469657614127 0.10598172697046329 -0.3429848925436009 -0.15213991942606325 -0.17156135573468864 -0.18535674565025043 0.21618514612190348 0.2723170662907341 -0.2759362830023855 0.12112580213451712 -0.06469309398367032 0.481160218644495 -0.5358276927038818 0.16161063234915954 -0.17673738750949258 0.27292455081341743 0.4408609662914697 0.20558183633697436 -0.4101551766213633 -0.5067041228129355 -0.4655200361052247 0.26916144421098803 1.0 -0.2467352709924585 -0.17741022308401083 -0.19166086049690131 0.37264603977121774 -0.3695292984089145 -0.6457343543043105 0.39583384989918297 -0.04557505672955319 0.6206328368092863 -0.10161381895174715
0.11350510801493616 0.4942173537093401 -0.02172847217776859 -0.06046436245008313 0.3045791843973789 0.12260164937347084 -0.10843802607230048 -0.12747864021664587 -0.06028361766036563 -0.5290477240879787 0.27292177758630226 -0.19108159149265463 -0.5706843914027474 -0.3835778143303457 -0.0020594693218449647 0.06326272836934159 0.14266043004408466 0.3809004191370506 -0.07878093695564546 0.27383815476893963 0.16792129209318823 -0.2054030609051815 0.2511523524474352 -0.37641660756163264 0.17835834371111206 0.009845976183049207 -0.5075817194501289 0.2687910991512781 -0.0014977505448776748 0.45341950558268457 0.27080507583403457 0.013447864169350567 -0.2467352709924585 0.9999999999999997 -0.5827158268447761 0.6958464487913427 -0.44492412295131484 0.3656379898464729 -0.1681214400933127 -0.23525169204975913 0.26543034501987883 0.44080662565651946 0.07575309712886578
-0.2565113233462018 -0.15929401617010436 0.021242442668066262 0.19198696283517233 -0.2433100031402927 0.12831219707447317 0.1363003316794451 0.4037654152844326 -0.2980561773900194 0.4495065560860092 -0.21954708614857193 0.1414671313601489 0.35826271586842284 0.35044751741287505 -0.05734913094641921 -0.20100083708308153 -0.04112201323288203 -0.4643560967902513 0.17852731537487704 -0.5472215956359467 0.06310302131255846 -0.19561703854704174 0.49678685148684776 0.07758346811653194 0.3754881745114909 -0.11039352339707242 0.4647157291821591 0.08124553288897253 0.14799809186757257 -0.049630785858132694 0.32792331249937867 -0.49474510126376137 -0.17741022308401083 -0.5827158268447761 1.0 -0.622695173642751 -0.05045909976861217 -0.026741261626005444 0.6481694812925126 -0.04937710132609068 -0.48066328468296293 -0.5956702246572075 -0.31020888970841143
-0.11529680578070263 0.10291355937672934 0.3283757035661929 -0.40423294657184344 0.402340222256593 0.11783961058951667 0.10100200662799469 -0.2576103593349647 0.06444187937049668 -0.14553743930787538 0.14526128663731272 -0.6787644979647457 -0.20772285422247935 0.038880225558355734 -0.2813154136606523 0.4865261382702081 0.3981200449554861 0.37085867554383223 0.2960503160196789 0.243763355774953 0.22897361628549656 0.030860476690163563 0.034075658321549324 -0.12757367840570372 -0.03810691763006396 0.1092376743294076 -0.4563684845953015 -0.21006354229632346 -0.21419361343993987 0.30575207696923334 0.4803757682109141 0.13574069403279787 -0.19166086049690131 0.6958464487913427 -0.622695173642751 1.0 -0.19305159872005703 0.4059630356575058 -0.08035614552032345 -0.3333592821446257 0.09281182841752078 0.4422424333869731 0.11501081670460682
0.3104118664671658 -0.8047656463891296 0.4807719781973876 0.10837150738694201 -0.43560978128720196 -0.35897046599417815 -0.04699222994024498 0.04728552192536756 0.1833793701398236 0.3570102532720755 0.08187788995295933 0.07277806616059834 0.1433008044853221 0.01606820998399319 0.2593170679396409 -0.0649356489732709 0.2337335797702081 -0.2601760738535705 0.06361645584831228 0.29338184192445355 -0.7637883513374636 0.09873993028277096 -0.6275741894157552 0.17152048394458447 0.06369601419912557 -0.19346282138388923 0.03836130665084186 -0.22784514416186077 -0.37529379743181884 -0.022381137261170875 -0.4844554480918829 0.1707894937146431 0.37264603977121774 -0.44492412295131484 -0.05045909976861217 -0.19305159872005703 1.0 -0.10798187494286682 -0.2900576224860702 0.3442809802760704 -0.30859723549370965 -0.08105179182348173 0.07022685023240205
-0.2873846416187759 -0.2451493940450051 0.3788144175268516 0.12499325642545858 0.49338337697683576 0.555017552634426 0.07584343841380554 0.30718794524405413 -0.013673497485988636 0.05473464545806337 0.38629710938752015 -0.4158462253669718 -0.22340779162793803 0.3279773754583337 0.2031229772108047 -0.21115037104174403 0.6082388390970698 -0.06457024221480051 0.3653861519728814 -0.016401920394858424 0.02743321162053163 -0.22740533571896765 0.43958753708397075 -0.17377984551639358 0.14984777477407246 -0.34612672400506833 -0.2969374016871161 0.1870463641913793 -0.5182832761103555 0.4995880212028159 0.5517228909107333 -0.46430410969119873 -0.3695292984089145 0.3656379898464729 -0.026741261626005444 0.4059630356575058 -0.10798187494286682 1.0 -0.02050744468866531 -0.42975746341501786 -0.14393827147588104 0.07113073733269094 0.32894326883861724
-0.5105374379853864 0.05135576573367718 0.3088303378718251 -0.40244864469745983 -0.05052930025793084 0.13915128040671595 0.34557742719081036 0.23515084896218214 -0.4436327158675274 0.2673008445770058 -0.33115267701210827 -0.1437501099768422 0.47108467454947667 0.19838637226559833 -0.12966726447398574 0.3017154220957812 -0.30588468702245625 -0.49713812549326125 0.28217095228242717 -0.437250186640017 0.20837262084781458 -0.3114109225701765 0.5740836335130425 0.1440913361347193 0.3072062914141577 0.03296982251363592 -0.15388556982413676 -0.3611944971975061 0.4900811031910155 0.34873815559611615 0.549409083751382 -0.22081312408418557 -0.6457343543043105 -0.1681214400933127 0.6481694812925126 -0.08035614552032345 -0.2900576224860702 -0.02050744468866531 1.0 -0.03257488412217361 -0.32899485033868175 -0.6068091806198319 -0.3997552763168319
0.2501891654476458 -0.06486766970542154 -0.1112850536568189 -0.2167885845697308 -0.5443740041396853 -0.049793589848735276 0.09538527721147352 -0.3017052224076947 0.19787503752840865 0.2587616370835805 -0.29563706856100386 0.13302100454424867 -0.09706366464981732 -0.37036195271000594 0.4362305238553407 -0.11982150848185219 -0.5181980790279433 -0.43858930740172297 -0.21532261101159814 -0.12014142384149637 -0.23819151494949642 0.08275918086167898 -0.38105965327453906 0.45986349685108646 -0.17223065809032334 0.360341017090853 -0.1547421989144798 -0.10979425145443943 0.28920827572953756 -0.04456045424834264 -0.5763973445927812 0.3593810446043168 0.39583384989918297 -0.23525169204975913 -0.04937710132609068 -0.3333592821446257 0.3442809802760704 -0.42975746341501786 -0.03257488412217361 1.0000000000000004 -0.08254140263294572 0.06962664934065581 -0.5442115108566083
-0.2343453434415551 0.35662777327694684 -0.5206767623377165 -0.3238453655016687 0.5202139506453982 0.018349598707070192 -0.05060317088504754 -0.49735955908995966 0.47563714930082895 -0.7086240370304144 0.36885886785497396 0.09413590320698954 -0.30071826681483577 -0.3781588488804315 0.03676428759693024 -0.23461600734661484 -0.22960081063810464 0.36162889894298617 -0.13075728633941863 -0.1505176255725814 0.39517157559267446 0.34681665860706795 0.03821223753601145 -0.1310053275350061 -0.3419570494369061 -0.25003095737527004 -0.19821955391384022 0.3195435766248989 0.24094954231176954 -0.18322295553634468 -0.3121316618429425 0.5869796220543773 -0.04557505672955319 0.26543034501987883 -0.48066328468296293 0.09281182841752078 -0.30859723549370965 -0.14393827147588104 -0.32899485033868175 -0.08254140263294572 1.0 0.2945018646763332 0.4440762887214349
0.02752553526265481 0.07511763967662646 -0.17613885402130391 0.06537698570371997 0.050457276453683635 0.0008103901954857623 0.3209451782706328 -0.21962753369966298 0.35179241730903993 -0.1783183099465827 0.4684939881482343 -0.15031983506723598 -0.6839537235379646 -0.4028889756398515 -0.305693577801538 -0.129715205721272 0.3753557606076153 0.446177970563245 -0.046495945821970856 0.23307389787604368 0.3255413484886063 0.4877862644353671 -0.1188107856203812 -0.17273392283054528 -0.2627468581476766 0.20851964905439904 -0.14329737853334057 0.2984229301149986 -0.42276262821015587 0.01586154951926675 -0.04733123133991763 0.34188022532665463 0.6206328368092863 0.44080662565651946 -0.5956702246572075 0.4422424333869731 -0.08105179182348173 0.07113073733269094 -0.6068091806198319 0.06962664934065581 0.2945018646763332 0.9999999999999998 0.14669718664430711
-0.13904985117092916 -0.18785812023063847 0.03946064322134344 0.07684884491787645 0.43324748140787717 0.11036993427006263 -0.03673570007220945 0.0415173385457606 -0.0434576931240528 -0.3316000223139921 0.46512236244783484 0.016168966574875713 0.11511110826843135 0.03127982286735963 0.10598257845609566 -0.20203244535154402 0.2651000854530641 0.1931043376828428 -0.02238338766557267 0.1739607878314929 -0.09093930144362747 0.15280031991335782 -0.06584420046859915 -0.3276970530185724 -0.28589579672633136 -0.30416695924738013 -0.15250620058306869 0.1299813145692221 -0.32254502994258943 0.037217787610708264 -0.12023418108750326 -0.020484023623528955 -0.10161381895174715 0.07575309712886578 -0.31020888970841143 0.11501081670460682 0.07022685023240205 0.32894326883861724 -0.3997552763168319 -0.5442115108566083 0.4440762887214349 0.14669718664430711 1.0
