0.9999999999999999 -0.12672618871636332 -0.5110533230093186 0.03357917031060521 -0.20557577960543902 0.1689781449949636 -0.14600526620044577 0.27116650385678515 -0.07735506910229545 -0.5317584692055228
-0.12672618871636332 1.0000000000000002 -0.10226350880899611 -0.10841150858554888 -0.37751764442885755 -0.09335029030364236 -0.19288442098378158 -0.48779575625919624 -0.08779535103934354 0.16194364599758224
-0.5110533230093186 -0.10226350880899611 1.0 -0.13578523669817152 0.12988786578768322 -0.06103836818807231 0.04537959606881973 -0.06788792614397572 -0.024621717249090593 -0.10622477918894045
0.03357917031060521 -0.10841150858554888 -0.13578523669817152 0.9999999999999998 -0.2933774731475391 -0.02095149780833819 -0.038745544898586205 -0.06168685567115188 -0.44506615381858555 -0.3610134576567045
-0.20557577960543902 -0.37751764442885755 0.12988786578768322 -0.2933774731475391 1.0 -0.0454866362125947 -0.1357693738242415 0.17019788048100815 0.2414346586346152 0.306431067327912
0.1689781449949636 -0.09335029030364236 -0.06103836818807231 -0.02095149780833819 -0.0454866362125947 1.0 -0.271842375130565 -0.26011033059068367 0.2583589037424726 -0.33482077214542905
-0.14600526620044577 -0.19288442098378158 0.04537959606881973 -0.038745544898586205 -0.1357693738242415 -0.271842375130565 0.9999999999999999 -0.011361738350834445 -0.44014467632493226 0.2696937431551739
0.27116650385678515 -0.48779575625919624 -0.06788792614397572 -0.06168685567115188 0.17019788048100815 -0.26011033059068367 -0.011361738350834445 1.0000000000000002 -0.3099571219401994 0.14111489211152523
-0.07735506910229545 -0.08779535103934354 -0.024621717249090593 -0.44506615381858555 0.2414346586346152 0.2583589037424726 -0.44014467632493226 -0.3099571219401994 1.0 -0.15133806961851412
-0.5317584692055228 0.16194364599758224 -0.10622477918894045 -0.3610134576567045 0.306431067327912 -0.33482077214542905 0.2696937431551739 0.14111489211152523 -0.15133806961851412 0.9999999999999998
