0.9999999999999999 -0.13567542996717505 0.016336996615127306 -0.011941076246140226 -0.25623578291800886 0.033820965106077634 -0.09906252123273707 0.20837393511808322 -0.02365397894046052 0.3288755921347496 0.17304579999098882 -0.3029949466351058 0.1465537095534484 0.0018836890401528054 0.0006586375973009163 0.1877275571907992 0.13541042354085334 -0.09073385236276964 0.4335645635152695 -0.26762306289407817 0.06618983746395336 0.0688480308625335 0.18367514033318855 -0.15806083173162305 0.20688443058955017 -0.02759223274966118 -0.13905423978101147 -0.09213775684078669 -0.2352193048305376 -0.18261914777419483 -0.03217066705539028 0.4475314564639824 0.1835784934403526 -0.006743891130475591 0.435584200518899
-0.13567542996717505 1.0000000000000002 0.37243330842368366 -0.3474406926587721 -0.1349518385587301 -0.26117800149894677 -0.07352424352996921 -0.18185817678034244 -0.04309650521215258 -0.4871216724538399 -0.2697229375351356 0.07970011487528876 -0.24383817661932533 -0.12808406317224347 0.05473550252124319 0.036168681945601 -0.2037184905515052 -0.09416285158557984 -0.12714535057621318 0.27316216144585376 -0.03358031557617428 0.40163418048993227 0.1381272605726876 0.009546898741905055 0.02977382266465061 -0.12269527585694641 -0.13300002498016364 -0.06166979456691176 -0.04054244641104079 0.4052109068274607 0.29032771084682496 -0.10766850340284688 -0.05251122226415649 0.4115803522061467 -0.46278329520745287
0.016336996615127306 0.37243330842368366 1.0 -0.264784734906147 -0.06593783855817195 -0.20997616182652906 -0.002104180780792696 0.04725366349625955 0.6132602594532475 -0.17098422263522609 -0.3218953337162676 0.16178989414784103 -0.09778097102580119 -0.40861503918383096 0.4562879333681738 -0.24040556910615113 -0.3833061586422892 0.4568629251726566 -0.2949735230486758 0.022646176949356108 -0.4395756798491831 0.1808090284794674 -0.17091429025680485 -0.19455771601507924 -0.22530065893959392 -0.519126973519566 0.055596105251811856 0.5531954437248155 -0.055761016241595275 0.43299382920991364 0.022718648733275074 0.1822190166191325 0.2377443697224592 0.5580879769797628 -0.07766264710052136
-0.011941076246140226 -0.3474406926587721 -0.264784734906147 1.0 -0.05903259621642577 -0.215666039395633 0.3703484510915466 0.3081808451815986 -0.14369183095917973 0.334409061248379 0.0005796326817123378 -0.2502621888720985 -0.15826344429408146 -0.09537037455187906 -0.13332360229885992 0.17306979666852612 -0.06535959569763891 -0.08707451022905138 0.1597046452615276 0.14559765609077713 -0.2680469963261989 -0.15981287278908732 -0.32780903726486377 0.20338493697215806 0.03351297738973952 -0.1574338603201894 0.14442108369947565 -0.2606565276538371 0.10680170559459741 -0.4680901988208176 -0.031255712893199776 0.2629778883462559 -0.3377225997942024 -0.4594847839713311 0.1083170184198963
-0.25623578291800886 -0.1349518385587301 -0.06593783855817195 -0.05903259621642577 0.9999999999999999 0.3482345132177811 0.13330960516401102 0.018942459603530817 -0.12156442674392878 -0.02503000276238742 0.03902134795450027 -0.01906120747287566 -0.1989910575744682 -0.042825566447346454 0.048158703654588644 0.03524563845914246 0.03163414632879521 -0.1355328320586043 -0.20283305346732927 -0.01557334531172751 0.3158832841763831 -0.20450173631826296 -0.09020286692774178 0.1611263107817793 -0.1288596124656043 0.03598055408180135 -0.004425514517693105 0.09376916564037006 0.3726330316101985 0.016302571074488 0.2447311626583336 -0.13752454141101583 -0.32303244558094846 -0.17663295795745904 -0.0802027392479529
0.033820965106077634 -0.26117800149894677 -0.20997616182652906 -0.215666039395633 0.3482345132177811 1.0000000000000002 -0.07629996130679105 -0.06937239818651285 -0.09687803127311356 0.16393311248849748 0.37419713525674403 0.13957511712598925 0.17822609969967276 0.10865988479715039 -0.163598771758354 0.022818674930005882 0.1509075820834818 -0.21028330803809042 0.3175122407775219 0.07750183034399508 0.36961403663070436 -0.04823768173367325 0.31925397505544556 -0.3145193773346782 -0.029708891736046274 0.13850355547021695 -0.2543001132425349 -0.11270016555490528 -0.0831025615406349 0.1745614363688971 -0.29285127229969815 -0.2053980929738551 -0.05269798115061326 -0.08582188982524264 -0.2107134200312666
-0.09906252123273707 -0.07352424352996921 -0.002104180780792696 0.3703484510915466 0.13330960516401102 -0.07629996130679105 0.9999999999999999 0.3147032789375888 -0.05719766061440883 0.17885790651512323 0.022722112388027346 -0.14439993028603548 -0.05312499854751204 0.2017283081473068 -0.046568588405066405 0.08111855966121097 -0.17139233266896722 0.005537183946593974 0.017369315508690093 -0.02972033975602311 -0.11160373643532104 -0.04464384654625174 -0.4906883203339831 0.12679187228740366 0.2992995634327452 -0.09402906570644823 0.13509451396571615 -0.12949518976563 0.08846507202805004 -0.12345132898512257 0.23506606992904833 0.008527056300766743 -0.47515705809010034 -0.2231652252940782 -0.012122541012954251
0.20837393511808322 -0.18185817678034244 0.04725366349625955 0.3081808451815986 0.018942459603530817 -0.06937239818651285 0.3147032789375888 1.0000000000000002 0.3166381216615802 0.2128474784956825 -0.24909984505209765 0.26576691085980303 -0.16823033977297883 -0.1393396434311524 0.29372234459514796 0.16955953232865986 -0.4139013536729493 0.37248523956859253 0.41130442005570556 -0.30117965619536824 -0.2599940506739859 -0.5351078032185771 -0.15139261065801418 -0.005298956073138521 0.010074041465288348 -0.3237312678561256 0.11061646763456247 -0.0401058658147858 0.11781083024341114 -0.342632058064596 0.013223748609234606 0.16809605453051557 0.11123166046717337 -0.03375562711654971 0.43347498195122647
-0.02365397894046052 -0.04309650521215258 0.6132602594532475 -0.14369183095917973 -0.12156442674392878 -0.09687803127311356 -0.05719766061440883 0.3166381216615802 1.0000000000000004 -0.01986594801323805 -0.1885346660941794 0.602997314253774 0.01645735698847951 -0.37500341485137256 0.6177328467282874 -0.08021339757114981 -0.2724086378860146 0.6800598202559255 -0.14438378647865333 -0.19088630565086812 -0.4200522872892568 -0.04463733547348267 0.05591859966981074 -0.16603010981789812 -0.12342394418972179 -0.5102321733517466 -0.05688630285624723 0.5518136325447247 -0.07099105951456756 0.18241320563817842 -0.12465719138560932 -0.10017869882083717 0.5903629723007285 0.2804012660485902 0.17805549372784532
0.3288755921347496 -0.4871216724538399 -0.17098422263522609 0.334409061248379 -0.02503000276238742 0.16393311248849748 0.17885790651512323 0.2128474784956825 -0.01986594801323805 0.9999999999999997 0.27793890303830265 -0.300799788349171 0.5292594876014247 0.042589252750090525 -0.0083350052971365 0.129936979915479 0.04614733910653279 -0.03890787874139804 0.24338624441475548 -0.24285205534862295 0.19476600013728299 -0.28790847040566 0.05583758131652071 -0.31550556066739033 0.04908201745018579 -0.1741072372153426 -0.09159862433728817 -0.24063559067879614 -0.35848448107191483 -0.09012079366618624 -0.44775813725596164 0.17615729190649948 -0.11502455605825974 -0.44728825558482155 0.038715938882338874
0.17304579999098882 -0.2697229375351356 -0.3218953337162676 0.0005796326817123378 0.03902134795450027 0.37419713525674403 0.022722112388027346 -0.24909984505209765 -0.1885346660941794 0.27793890303830265 0.9999999999999999 -0.04508100554631916 0.34578399830884493 0.4003993577239594 -0.10937416100060637 0.012308153399519147 0.7213956145981334 -0.1316101803531371 -0.057502625272551025 0.31634654167848 0.11038961397655872 0.44399122664561436 0.22013330046782065 0.2221043210301249 0.21210361197013897 0.4102584342335386 -0.008331835689296865 0.02632358449856008 -0.17805020675829547 -0.13117249475256004 -0.35947452045714384 -0.22632863081125904 -0.20051808313010705 -0.18272629375647678 -0.19607662784430346
-0.3029949466351058 0.07970011487528876 0.16178989414784103 -0.2502621888720985 -0.01906120747287566 0.13957511712598925 -0.14439993028603548 0.26576691085980303 0.602997314253774 -0.300799788349171 -0.04508100554631916 1.0000000000000002 0.037051279917814754 -0.07506041352811137 0.4934500121513771 0.03157319039688008 -0.0723259351832733 0.47227731946230866 0.06500934459482298 0.10885202831030039 -0.10047985442676616 -0.0339462250102723 0.2727584437594581 -0.01304110911425978 -0.2063482830825003 -0.17659012474180222 -0.12224215387397235 0.3342330425024792 -0.013121254306560562 -0.009092927110035228 -0.24539695406468273 -0.4404872221396532 0.48620217631034324 0.1209126345837088 0.026468939565649496
0.1465537095534484 -0.24383817661932533 -0.09778097102580119 -0.15826344429408146 -0.1989910575744682 0.17822609969967276 -0.05312499854751204 -0.16823033977297883 0.01645735698847951 0.5292594876014247 0.34578399830884493 0.037051279917814754 1.0 0.17931851769013835 0.005661399206915803 0.07678451558596858 0.2689699589383415 0.07500765167255975 0.07515159859458063 -0.10644596715140349 0.269594458205963 0.06522168908643623 0.37129849005986487 -0.3894729032978192 -0.015954707108579665 0.05221461778799541 -0.006954772871303403 -0.07326117429145333 -0.41162365895335556 0.15527311640497124 -0.5258314856994493 -0.10959287776520074 0.2035767068797111 -0.32045028911375467 -0.0721184861193014
0.0018836890401528054 -0.12808406317224347 -0.40861503918383096 -0.09537037455187906 -0.042825566447346454 0.10865988479715039 0.2017283081473068 -0.1393396434311524 -0.37500341485137256 0.042589252750090525 0.4003993577239594 -0.07506041352811137 0.17931851769013835 1.0000000000000002 -0.1268925395293946 -0.016962808564798766 0.28162318537174036 -0.0004868505205308605 -0.046908147324696496 0.12618969597124133 0.29516525108580655 0.19125304534022627 0.01787832560907635 0.2497303654851161 0.29842163716850223 0.5912218062149627 -0.04353910132712 -0.19056312968000186 0.10669701471090799 -0.23033514716972847 0.008366655854451063 -0.10758372842195607 -0.13146141885812498 -0.14279015668534056 0.12821812915502187
0.0006586375973009163 0.05473550252124319 0.4562879333681738 -0.13332360229885992 0.048158703654588644 -0.163598771758354 -0.046568588405066405 0.29372234459514796 0.6177328467282874 -0.0083350052971365 -0.10937416100060637 0.4934500121513771 0.005661399206915803 -0.1268925395293946 1.0000000000000002 0.3007333814587642 -0.19724289079270305 0.5247597793146676 -0.34703763283886546 0.08652258257171533 -0.3424991506792254 -0.062212998821965196 -0.1700808969025252 -0.18572271647790847 -0.19865147540374717 -0.36113199744929386 -0.2509018142079513 0.42695655896725326 -0.2290893202911056 0.008004093654659199 -0.1630839210908056 -0.035057748870418196 0.5388363025395759 0.3661324574225831 0.17293052503397036
0.1877275571907992 0.036168681945601 -0.24040556910615113 0.17306979666852612 0.03524563845914246 0.022818674930005882 0.08111855966121097 0.16955953232865986 -0.08021339757114981 0.129936979915479 0.012308153399519147 0.03157319039688008 0.07678451558596858 -0.016962808564798766 0.3007333814587642 0.9999999999999999 -0.004019973082793888 0.018261740144257355 0.14659789151978816 0.077151649784681 0.2252800735979578 -0.055093295559597646 0.02629261701904057 -0.34144858112926235 0.05311684417801962 -0.19667422098063586 -0.27807305809670696 -0.396404633094042 -0.2065606964880252 -0.3326056242425153 -0.09291138559951108 -0.2625152274638184 0.10871167258394417 -0.18503707552196885 -0.05320238170619638
0.13541042354085334 -0.2037184905515052 -0.3833061586422892 -0.06535959569763891 0.03163414632879521 0.1509075820834818 -0.17139233266896722 -0.4139013536729493 -0.2724086378860146 0.04614733910653279 0.7213956145981334 -0.0723259351832733 0.2689699589383415 0.28162318537174036 -0.19724289079270305 -0.004019973082793888 1.0000000000000002 -0.029699172151826315 -0.1313112096182665 0.11638201498418159 0.17691360320740265 0.3181085227179188 0.21345193101951943 0.25822946390164264 0.02305846711438382 0.43991499242877413 0.07045335322254181 0.14150685722078588 -0.04141644104831017 -0.22548464289103945 -0.25909676256014597 -0.17190120636481857 -0.06862345065428811 -0.24542288348248503 -0.19619841712673206
-0.09073385236276964 -0.09416285158557984 0.4568629251726566 -0.08707451022905138 -0.1355328320586043 -0.21028330803809042 0.005537183946593974 0.37248523956859253 0.6800598202559255 -0.03890787874139804 -0.1316101803531371 0.47227731946230866 0.07500765167255975 -0.0004868505205308605 0.5247597793146676 0.018261740144257355 -0.029699172151826315 0.9999999999999998 -0.14697039924386532 -0.237110130228241 -0.24889902520897006 -0.14969689986963977 0.0016821903512145217 -0.10293654997487064 -0.15411303827118164 -0.3131586440332943 0.042692664958070885 0.4888580470969435 0.00619738398336296 -0.048421515233316316 -0.20084710944231485 -0.1039763004354932 0.5012174610471531 0.24911337627553748 0.16161552569680415
0.4335645635152695 -0.12714535057621318 -0.2949735230486758 0.1597046452615276 -0.20283305346732927 0.3175122407775219 0.017369315508690093 0.41130442005570556 -0.14438378647865333 0.24338624441475548 -0.057502625272551025 0.06500934459482298 0.07515159859458063 -0.046908147324696496 -0.34703763283886546 0.14659789151978816 -0.1313112096182665 -0.14697039924386532 1.0 -0.2540509760438713 0.29600767664278 -0.3163862689623148 0.41538445762973286 -0.26857908081219656 0.10962733595773422 -0.1871689098024937 -0.11899856807945422 -0.4115415281075631 -0.07941681848208385 -0.1875046900668062 -0.18095818868530167 0.11965743276953514 -0.026290761329417288 -0.269282145627447 0.1656239060726489
-0.26762306289407817 0.27316216144585376 0.022646176949356108 0.14559765609077713 -0.01557334531172751 0.07750183034399508 -0.02972033975602311 -0.30117965619536824 -0.19088630565086812 -0.24285205534862295 0.31634654167848 0.10885202831030039 -0.10644596715140349 0.12618969597124133 0.08652258257171533 0.077151649784681 0.11638201498418159 -0.237110130228241 -0.2540509760438713 0.9999999999999998 -0.1236951984254287 0.630086820439976 -0.10024328201684433 0.12675164944956704 0.04014337032501479 0.16698304306066658 0.22728418456401372 -0.12204589742329143 0.1031697844693787 -0.0385046330968611 -0.09778874645325329 -0.2076311166262106 -0.30792945312897774 0.16533862893146128 -0.39980515403562866
0.06618983746395336 -0.03358031557617428 -0.4395756798491831 -0.2680469963261989 0.3158832841763831 0.36961403663070436 -0.11160373643532104 -0.2599940506739859 -0.4200522872892568 0.19476600013728299 0.11038961397655872 -0.10047985442676616 0.269594458205963 0.29516525108580655 -0.3424991506792254 0.2252800735979578 0.17691360320740265 -0.24889902520897006 0.29600767664278 -0.1236951984254287 1.0000000000000002 -0.09955598929120237 0.49727661660977146 -0.2412004317970976 0.0014931318679765467 0.324425498866211 -0.10966020117100606 -0.41952489635217893 -0.02317034727698483 0.08160587672036324 -0.08661788198902191 -0.2939957586765514 -0.05986039036664873 -0.32401769274154746 -0.20286845939237752
0.0688480308625335 0.40163418048993227 0.1808090284794674 -0.15981287278908732 -0.20450173631826296 -0.04823768173367325 -0.04464384654625174 -0.5351078032185771 -0.04463733547348267 -0.28790847040566 0.44399122664561436 -0.0339462250102723 0.06522168908643623 0.19125304534022627 -0.062212998821965196 -0.055093295559597646 0.3181085227179188 -0.14969689986963977 -0.3163862689623148 0.630086820439976 -0.09955598929120237 0.9999999999999999 0.047856058345240066 0.24684642473455365 0.266357717706501 0.15061541214959118 0.0910675166525789 0.09564684733610228 -0.023525446858324722 0.16400349757318206 0.10003950878838505 -0.16294260119625759 -0.11809748660841438 0.2724329339691721 -0.28119097917458635
0.18367514033318855 0.1381272605726876 -0.17091429025680485 -0.32780903726486377 -0.09020286692774178 0.31925397505544556 -0.4906883203339831 -0.15139261065801418 0.05591859966981074 0.05583758131652071 0.22013330046782065 0.2727584437594581 0.37129849005986487 0.01787832560907635 -0.1700808969025252 0.02629261701904057 0.21345193101951943 0.0016821903512145217 0.41538445762973286 -0.10024328201684433 0.49727661660977146 0.047856058345240066 1.0 -0.23576789863451916 -0.060282843250310664 0.21716994885654614 -0.2581590633167729 -0.21277918012253075 -0.3281434941045275 0.152165014048815 -0.3596428322958789 -0.1044240047611854 0.26820908341390687 -0.11593219394700778 -0.2359413425631033
-0.15806083173162305 0.009546898741905055 -0.19455771601507924 0.20338493697215806 0.1611263107817793 -0.3145193773346782 0.12679187228740366 -0.005298956073138521 -0.16603010981789812 -0.31550556066739033 0.2221043210301249 -0.01304110911425978 -0.3894729032978192 0.2497303654851161 -0.18572271647790847 -0.34144858112926235 0.25822946390164264 -0.10293654997487064 -0.26857908081219656 0.12675164944956704 -0.2412004317970976 0.24684642473455365 -0.23576789863451916 1.0000000000000002 0.26969185099268417 0.3159499718841725 0.20206723291943324 0.16356070544002924 0.5409987499258714 -0.290144117783936 0.3871370182006645 0.07085223935359701 -0.28517978994881465 -0.06508543446044657 0.12203404098953179
0.20688443058955017 0.02977382266465061 -0.22530065893959392 0.03351297738973952 -0.1288596124656043 -0.029708891736046274 0.2992995634327452 0.010074041465288348 -0.12342394418972179 0.04908201745018579 0.21210361197013897 -0.2063482830825003 -0.015954707108579665 0.29842163716850223 -0.19865147540374717 0.05311684417801962 0.02305846711438382 -0.15411303827118164 0.10962733595773422 0.04014337032501479 0.0014931318679765467 0.266357717706501 -0.060282843250310664 0.26969185099268417 1.0 0.0007111104054562735 -0.07272380856252574 -0.2491224642353191 0.2469921406983554 -0.040710919277012654 0.4477142260340095 -0.1121529205619562 -0.36515761903266925 -0.05543818221282792 0.1481346230943438
-0.02759223274966118 -0.12269527585694641 -0.519126973519566 -0.1574338603201894 0.03598055408180135 0.13850355547021695 -0.09402906570644823 -0.3237312678561256 -0.5102321733517466 -0.1741072372153426 0.4102584342335386 -0.17659012474180222 0.05221461778799541 0.5912218062149627 -0.36113199744929386 -0.19667422098063586 0.43991499242877413 -0.3131586440332943 -0.1871689098024937 0.16698304306066658 0.324425498866211 0.15061541214959118 0.21716994885654614 0.3159499718841725 0.0007111104054562735 0.9999999999999999 0.1877856809439867 -0.25122933282075804 0.022742094656194346 -0.16449741113005587 -0.01903135238067165 -0.022335771822050852 -0.11121211897508183 -0.0711664805587873 -0.06777607253095772
-0.13905423978101147 -0.13300002498016364 0.055596105251811856 0.14442108369947565 -0.004425514517693105 -0.2543001132425349 0.13509451396571615 0.11061646763456247 -0.05688630285624723 -0.09159862433728817 -0.008331835689296865 -0.12224215387397235 -0.006954772871303403 -0.04353910132712 -0.2509018142079513 -0.27807305809670696 0.07045335322254181 0.042692664958070885 -0.11899856807945422 0.22728418456401372 -0.10966020117100606 0.0910675166525789 -0.2581590633167729 0.20206723291943324 -0.07272380856252574 0.1877856809439867 0.9999999999999997 0.0576511283750312 0.41325109451299635 -0.172925279494938 0.03126826520084305 0.0185666029136396 -0.20933709131576295 -0.004644556050613402 0.08898012112090667
-0.09213775684078669 -0.06166979456691176 0.5531954437248155 -0.2606565276538371 0.09376916564037006 -0.11270016555490528 -0.12949518976563 -0.0401058658147858 0.5518136325447247 -0.24063559067879614 0.02632358449856008 0.3342330425024792 -0.07326117429145333 -0.19056312968000186 0.42695655896725326 -0.396404633094042 0.14150685722078588 0.4888580470969435 -0.4115415281075631 -0.12204589742329143 -0.41952489635217893 0.09564684733610228 -0.21277918012253075 0.16356070544002924 -0.2491224642353191 -0.25122933282075804 0.0576511283750312 0.9999999999999997 0.04871658659502075 0.08454250231120206 0.0090616789989564 0.09153245288207901 0.35260577497067047 0.24149486809178383 0.22648629704641354
-0.2352193048305376 -0.04054244641104079 -0.055761016241595275 0.10680170559459741 0.3726330316101985 -0.0831025615406349 0.08846507202805004 0.11781083024341114 -0.07099105951456756 -0.35848448107191483 -0.17805020675829547 -0.013121254306560562 -0.41162365895335556 0.10669701471090799 -0.2290893202911056 -0.2065606964880252 -0.04141644104831017 0.00619738398336296 -0.07941681848208385 0.1031697844693787 -0.02317034727698483 -0.023525446858324722 -0.3281434941045275 0.5409987499258714 0.2469921406983554 0.022742094656194346 0.41325109451299635 0.04871658659502075 0.9999999999999998 -0.0955044094454416 0.48824241118862466 -0.15605520937591577 -0.2830060714952248 -0.031628777793253925 0.12532029986616444
-0.18261914777419483 0.4052109068274607 0.43299382920991364 -0.4680901988208176 0.016302571074488 0.1745614363688971 -0.12345132898512257 -0.342632058064596 0.18241320563817842 -0.09012079366618624 -0.13117249475256004 -0.009092927110035228 0.15527311640497124 -0.23033514716972847 0.008004093654659199 -0.3326056242425153 -0.22548464289103945 -0.048421515233316316 -0.1875046900668062 -0.0385046330968611 0.08160587672036324 0.16400349757318206 0.152165014048815 -0.290144117783936 -0.040710919277012654 -0.16449741113005587 -0.172925279494938 0.08454250231120206 -0.0955044094454416 0.9999999999999998 -0.08634316108455987 -0.14631257365188322 0.07039632086254696 0.4419310527362639 -0.37850765500309097
-0.03217066705539028 0.29032771084682496 0.022718648733275074 -0.031255712893199776 0.2447311626583336 -0.29285127229969815 0.23506606992904833 0.013223748609234606 -0.12465719138560932 -0.44775813725596164 -0.35947452045714384 -0.24539695406468273 -0.5258314856994493 0.008366655854451063 -0.1630839210908056 -0.09291138559951108 -0.25909676256014597 -0.20084710944231485 -0.18095818868530167 -0.09778874645325329 -0.08661788198902191 0.10003950878838505 -0.3596428322958789 0.3871370182006645 0.4477142260340095 -0.01903135238067165 0.03126826520084305 0.0090616789989564 0.48824241118862466 -0.08634316108455987 1.0 -0.032866240867507154 -0.23174100043442442 0.026079445538799765 0.23169325249910572
0.4475314564639824 -0.10766850340284688 0.1822190166191325 0.2629778883462559 -0.13752454141101583 -0.2053980929738551 0.008527056300766743 0.16809605453051557 -0.10017869882083717 0.17615729190649948 -0.22632863081125904 -0.4404872221396532 -0.10959287776520074 -0.10758372842195607 -0.035057748870418196 -0.2625152274638184 -0.17190120636481857 -0.1039763004354932 0.11965743276953514 -0.2076311166262106 -0.2939957586765514 -0.16294260119625759 -0.1044240047611854 0.07085223935359701 -0.1121529205619562 -0.022335771822050852 0.0185666029136396 0.09153245288207901 -0.15605520937591577 -0.14631257365188322 -0.032866240867507154 1.0 -0.05776896094132498 0.08074219917988647 0.3542383624435675
0.1835784934403526 -0.05251122226415649 0.2377443697224592 -0.3377225997942024 -0.32303244558094846 -0.05269798115061326 -0.47515705809010034 0.11123166046717337 0.5903629723007285 -0.11502455605825974 -0.20051808313010705 0.48620217631034324 0.2035767068797111 -0.13146141885812498 0.5388363025395759 0.10871167258394417 -0.06862345065428811 0.5012174610471531 -0.026290761329417288 -0.30792945312897774 -0.05986039036664873 -0.11809748660841438 0.26820908341390687 -0.28517978994881465 -0.36515761903266925 -0.11121211897508183 -0.20933709131576295 0.35260577497067047 -0.2830060714952248 0.07039632086254696 -0.23174100043442442 -0.05776896094132498 1.0000000000000002 0.27603865128994415 0.28505053946860925
-0.006743891130475591 0.4115803522061467 0.5580879769797628 -0.4594847839713311 -0.17663295795745904 -0.08582188982524264 -0.2231652252940782 -0.03375562711654971 0.2804012660485902 -0.44728825558482155 -0.18272629375647678 0.1209126345837088 -0.32045028911375467 -0.14279015668534056 0.3661324574225831 -0.18503707552196885 -0.24542288348248503 0.24911337627553748 -0.269282145627447 0.16533862893146128 -0.32401769274154746 0.2724329339691721 -0.11593219394700778 -0.06508543446044657 -0.05543818221282792 -0.0711664805587873 -0.004644556050613402 0.24149486809178383 -0.031628777793253925 0.4419310527362639 0.026079445538799765 0.08074219917988647 0.27603865128994415 0.9999999999999999 -0.10039080179133268
0.435584200518899 -0.46278329520745287 -0.07766264710052136 0.1083170184198963 -0.0802027392479529 -0.2107134200312666 -0.012122541012954251 0.43347498195122647 0.17805549372784532 0.038715938882338874 -0.19607662784430346 0.026468939565649496 -0.0721184861193014 0.12821812915502187 0.17293052503397036 -0.05320238170619638 -0.19619841712673206 0.16161552569680415 0.1656239060726489 -0.39980515403562866 -0.20286845939237752 -0.28119097917458635 -0.2359413425631033 0.12203404098953179 0.1481346230943438 -0.06777607253095772 0.08898012112090667 0.22648629704641354 0.12532029986616444 -0.37850765500309097 0.23169325249910572 0.3542383624435675 0.28505053946860925 -0.10039080179133268 1.0000000000000002
