1.0000000000000002 -0.13912004359983646 -0.3866865635517679 0.045153448350197606 -0.37999077465140474 -0.14371916554674832 -0.201956377631673
-0.13912004359983646 1.0000000000000002 -0.09279010808679383 -0.3494230898057732 -0.41512800126042004 -0.32982713673511704 -0.10107181136610105
-0.3866865635517679 -0.09279010808679383 1.0 -0.05275817390281908 0.13952815320487014 0.12106825355749831 -0.3632408601680172
0.045153448350197606 -0.3494230898057732 -0.05275817390281908 0.9999999999999999 0.04671940394766079 -0.26365328583060194 -0.25493792132673493
-0.37999077465140474 -0.41512800126042004 0.13952815320487014 0.04671940394766079 1.0 0.03453881909001007 0.14890149352386284
-0.14371916554674832 -0.32982713673511704 0.12106825355749831 -0.26365328583060194 0.03453881909001007 1.0 -0.26001282990692404
-0.201956377631673 -0.10107181136610105 -0.3632408601680172 -0.25493792132673493 0.14890149352386284 -0.26001282990692404 1.0
