0.0 4.444833859314925 3.5182154533937147 4.227173745960685 4.597408062167012 4.022701710079238 3.9282557007476138 3.5342035162761363 3.3728956465607483 3.724887267831776 4.010418829868875 4.216213469983872 3.514089514655822 3.672308711850326 3.759357895821732 3.7877550469321384 3.765742461748321 4.1282097891772525 3.877536829931541 3.707679831667245 3.758542137833687 3.5988435546002675 4.174353951296863 4.059348347858568 3.6414873815820425
4.444833859314926 0.0 4.967432228027499 7.24207388281098 6.967111786143077 4.236137306205764 4.579611725633189 5.240056678367269 6.044231251916986 5.405598024067389 5.313189953034507 7.203323875294193 5.312386992495601 6.410273810886191 4.793341410179455 5.260911484387556 6.0773218789928585 6.0277549649239965 4.198115649458802 6.718880095275294 5.4835743628827185 6.859313175130415 5.340570845478283 4.629844272147353 5.485888478541913
3.5182154533937147 4.967432228027499 0.0 5.669207852058559 5.379615962966379 4.500543734757663 5.348556176899693 4.056150274626793 3.74152716468997 4.696757311512822 3.852383629507729 6.048783297910826 4.561641051099623 3.7316811070830855 4.805880480248404 5.0761280859318605 4.269073163001267 5.080792122224131 4.500665823032584 5.623390647894003 4.516067461899395 4.8694444931783085 4.529579752462373 4.489279125514917 4.63642908837456
4.227173745960686 7.24207388281098 5.669207852058559 0.0 3.4582452072543894 6.1824514654596525 5.712207539671308 4.143146553573534 4.411583516906783 6.795161742996224 6.691236260722673 4.514879516025393 6.160790601281888 5.624034641979283 6.177240963077686 5.0839267133523265 3.932946750164624 6.638095268822524 6.583450805133339 5.5592884722129465 5.151280079051329 5.151124443640944 6.262022217196909 5.9768935219585995 6.056641158923085
4.597408062167012 6.967111786143077 5.379615962966379 3.4582452072543894 0.0 6.238921828546123 5.1423422557209 3.6774955545634307 4.1723141854553445 6.15057074448863 6.8187690851537965 5.849892292312965 5.831090136134205 5.8278292426279865 5.967371857394718 6.075074543866603 3.8356444889434913 7.089359176017841 6.177244809421156 5.921330518171641 5.430303586145534 5.810371164699703 6.3448038890589435 6.228777185442433 6.248497408213408
4.022701710079238 4.236137306205764 4.500543734757663 6.1824514654596525 6.238921828546123 0.0 5.148153508469643 5.502996838312868 5.020036268302688 5.365279315069666 4.634552119588423 5.940112362348363 5.528588601505335 5.971849433569444 4.338993988076569 4.892657181453566 4.779950133024398 5.115419348596607 4.523830247491112 6.358372038344162 6.159734163593125 5.991825716939725 4.655102399167402 3.994639415860909 5.280019302197613
3.9282557007476138 4.579611725633189 5.348556176899693 5.712207539671307 5.1423422557209 5.148153508469643 0.0 5.022031381149937 4.670191000797563 5.294568108118218 6.315612466910033 6.213739478738528 4.070032978137107 5.640521254965886 4.954795345375298 4.8367447295520645 4.550926090985673 6.770241563968825 4.391870715060723 6.136676519259268 5.527534040420814 5.902735152901889 5.904032098775857 5.398100940759645 6.175038095901952
3.5342035162761363 5.240056678367269 4.056150274626793 4.143146553573534 3.6774955545634307 5.502996838312868 5.022031381149937 0.0 3.556632842078015 5.58125352804385 5.688855399950967 5.490692569107746 4.905807615830792 4.577717941920557 4.802457853302533 5.050107901336611 4.454972024549209 6.1763627181648175 5.480709401839637 5.742943892273505 4.286020065758045 5.572108916281302 5.035268615446532 4.699063575186803 5.607810509865854
3.3728956465607483 6.044231251916986 3.74152716468997 4.411583516906783 4.1723141854553445 5.020036268302688 4.670191000797563 3.556632842078015 0.0 4.998151376410074 5.163856663694377 4.855166619906951 4.025904325503607 4.051352790533399 4.792766320086892 5.271001228977364 3.602081570311598 5.548566889310876 5.264674480735973 5.380033546740691 4.884844805116697 4.603764322687704 5.759519194191477 4.641192223870382 5.0781478412322425
3.724887267831776 5.405598024067389 4.696757311512822 6.795161742996224 6.15057074448863 5.365279315069666 5.294568108118218 5.58125352804385 4.998151376410074 0.0 4.342098245054434 5.5754042672562605 4.670866677298068 4.656376094704385 5.265994007510108 5.652512438918257 5.207817067757957 5.567383193570242 4.893092311407405 5.498757744464533 5.342057597543165 6.131578649185389 5.937618550637182 5.591431088937224 4.17691810625505
4.010418829868875 5.313189953034507 3.852383629507729 6.691236260722673 6.8187690851537965 4.634552119588423 6.315612466910032 5.688855399950967 5.163856663694377 4.342098245054434 0.0 5.50934794102142 5.35264774716868 4.548487114431191 4.870968955962361 5.501679010522139 4.973443958090061 4.0305377072834885 4.8633937777112415 5.980818801974131 5.498396732531796 5.760680993490447 4.32321173853894 3.7733446162684725 4.107795471704497
4.216213469983873 7.203323875294194 6.048783297910826 4.514879516025393 5.849892292312965 5.940112362348363 6.213739478738528 5.490692569107746 4.855166619906951 5.5754042672562605 5.50934794102142 0.0 5.750630149952208 5.656562413073817 5.687040761867119 5.087060084994143 5.387219433383572 6.020044127551104 6.697825103867553 6.305151722816849 6.36399950728273 5.787830993769814 6.320849365191154 5.974677031513673 5.946288029398894
3.514089514655822 5.312386992495601 4.561641051099623 6.160790601281888 5.831090136134205 5.528588601505335 4.070032978137107 4.905807615830792 4.025904325503607 4.670866677298068 5.35264774716868 5.750630149952208 0.0 4.441464738997079 4.804697535429894 5.435446065507395 5.151979959708574 6.037353541306989 4.5665108301134305 5.679115473854803 5.237944485224569 4.855593236795661 6.0073799070273255 5.429175857905098 5.213867335335284
3.672308711850326 6.410273810886191 3.7316811070830855 5.624034641979283 5.8278292426279865 5.971849433569444 5.640521254965886 4.577717941920557 4.051352790533399 4.656376094704385 4.548487114431191 5.656562413073817 4.441464738997079 0.0 5.609071141614498 5.466821590889762 4.708627766817072 5.675272141313764 5.92198334243263 4.898565253656808 5.18575915595132 5.364979329016799 5.289822311332474 5.421644390336357 5.283837394899562
3.759357895821732 4.793341410179455 4.805880480248404 6.177240963077686 5.967371857394718 4.338993988076569 4.954795345375298 4.802457853302533 4.792766320086892 5.265994007510108 4.870968955962361 5.687040761867119 4.804697535429894 5.609071141614498 0.0 5.453989120674314 5.122935823518195 4.3213062189878855 5.536651543043567 6.04508526742453 5.196129495858066 5.206687047882318 4.725410331885579 4.71484822528442 5.715212105643906
3.7877550469321384 5.260911484387556 5.0761280859318605 5.0839267133523265 6.075074543866603 4.892657181453566 4.8367447295520645 5.050107901336611 5.271001228977364 5.652512438918257 5.501679010522139 5.087060084994143 5.435446065507395 5.466821590889762 5.453989120674314 0.0 5.228515666242149 6.206121761977761 5.221495135334374 6.413260167787626 4.896905605202884 5.671383612178678 5.983234643339869 4.714823743364874 5.555939482838783
3.765742461748321 6.0773218789928585 4.269073163001267 3.932946750164624 3.8356444889434913 4.779950133024398 4.550926090985673 4.454972024549209 3.602081570311598 5.207817067757957 4.973443958090061 5.387219433383572 5.151979959708574 4.708627766817071 5.122935823518195 5.228515666242149 0.0 5.441117737671958 5.438581985211355 5.579730005455666 5.149416000148441 5.358942129515369 5.2846383690433605 4.690785692124907 5.05661629795518
4.128209789177253 6.0277549649239965 5.080792122224131 6.638095268822524 7.089359176017841 5.115419348596607 6.770241563968825 6.1763627181648175 5.548566889310875 5.567383193570242 4.0305377072834885 6.020044127551104 6.037353541306989 5.675272141313764 4.3213062189878855 6.206121761977761 5.441117737671958 0.0 6.161046354734705 5.083610363027288 5.661313032334678 4.531469126218177 5.219520425648194 5.145876730423747 4.453179526889481
3.8775368299315405 4.198115649458802 4.500665823032584 6.583450805133339 6.177244809421156 4.523830247491112 4.391870715060723 5.480709401839637 5.264674480735973 4.893092311407405 4.8633937777112415 6.697825103867553 4.5665108301134305 5.92198334243263 5.536651543043567 5.221495135334374 5.438581985211355 6.161046354734705 0.0 5.988982703996404 4.996403857038595 5.5981523431078 4.86672387715435 4.196980228658771 4.7293581283113735
3.707679831667245 6.718880095275294 5.623390647894003 5.5592884722129465 5.921330518171641 6.358372038344162 6.136676519259268 5.742943892273505 5.380033546740691 5.498757744464533 5.980818801974131 6.305151722816849 5.679115473854803 4.898565253656808 6.04508526742453 6.413260167787626 5.579730005455666 5.083610363027288 5.988982703996404 0.0 5.035890863902459 4.159749030734655 5.599685081003721 6.415922400667448 4.31492736357173
3.758542137833687 5.4835743628827185 4.516067461899395 5.151280079051329 5.430303586145534 6.159734163593125 5.527534040420814 4.286020065758045 4.884844805116697 5.342057597543165 5.498396732531796 6.36399950728273 5.237944485224569 5.18575915595132 5.196129495858066 4.896905605202884 5.149416000148441 5.661313032334678 4.996403857038595 5.035890863902458 0.0 4.375097967259674 5.52559040762263 5.3954639221377105 4.119110481747035
3.5988435546002675 6.859313175130415 4.8694444931783085 5.151124443640944 5.810371164699703 5.991825716939725 5.902735152901889 5.572108916281302 4.603764322687704 6.131578649185388 5.760680993490447 5.7878309937698145 4.855593236795661 5.364979329016799 5.206687047882318 5.671383612178678 5.358942129515369 4.531469126218177 5.598152343107799 4.159749030734655 4.375097967259674 0.0 5.931863803132544 6.067962465073432 4.4314355126233655
4.174353951296863 5.340570845478283 4.529579752462373 6.262022217196909 6.3448038890589435 4.655102399167402 5.904032098775857 5.035268615446532 5.759519194191477 5.937618550637182 4.32321173853894 6.320849365191154 6.0073799070273255 5.289822311332474 4.725410331885579 5.983234643339869 5.2846383690433605 5.219520425648194 4.86672387715435 5.599685081003721 5.52559040762263 5.931863803132544 0.0 4.520856394654197 5.634649543022585
4.059348347858568 4.629844272147353 4.489279125514917 5.9768935219585995 6.228777185442433 3.994639415860909 5.398100940759645 4.699063575186803 4.641192223870382 5.591431088937224 3.7733446162684725 5.974677031513673 5.429175857905098 5.421644390336357 4.71484822528442 4.714823743364874 4.690785692124907 5.145876730423747 4.196980228658771 6.415922400667448 5.3954639221377105 6.067962465073432 4.520856394654197 0.0 4.786142604389918
3.6414873815820425 5.485888478541913 4.63642908837456 6.056641158923085 6.248497408213408 5.280019302197613 6.175038095901952 5.607810509865854 5.0781478412322425 4.17691810625505 4.107795471704497 5.946288029398894 5.213867335335284 5.283837394899562 5.715212105643906 5.555939482838783 5.05661629795518 4.453179526889481 4.7293581283113735 4.31492736357173 4.119110481747035 4.4314355126233655 5.634649543022585 4.786142604389918 0.0
