0.0 4.752033147152002 4.976660297827023 3.803648590582634 5.92204446970177 4.244565288945221 6.084117491568863 5.314373111873573 4.467319015088577 4.194529474944998 5.002506989930646 3.9838756234946326 4.788318254464671 5.093671265080841 3.501381194929357 4.576544514910974 4.755906338067033 4.323359171325595 4.995590376071659 3.7416383071681967 5.594710079170804 4.906584405131959 6.098490710241893 4.047969911487825 3.856739006759767 3.753663992118241 3.485610407178952 3.8061590771245184 4.182766012395771 4.93964003673518 5.611867583481352 4.792970811179889 3.7285420187656038 3.573971246250983 5.66314196781472 5.148564182432377 3.3721263971648985 5.656633981311084 5.679569304800519 3.986712688460578 5.212960656290994 4.571643840250573 4.271332251350265
4.752033147152002 0.0 7.011458046122503 6.009394390694588 5.439383688918078 4.796138150820046 6.414444814554011 6.6099563211498324 5.495006157981786 6.181271092658611 6.068535027454336 5.222345254525236 5.940886875420921 6.406750548194768 5.379474425104763 5.348194184923203 6.662444863608514 4.821169377278836 5.643851968317213 6.049484014480193 3.900427762830934 5.837308652659996 4.906921447354318 5.471827869854817 5.4402537545066965 4.189233198781808 5.0293554712733615 4.358376137784249 3.348400179422161 5.71458237522337 5.30890425579908 5.557763155991659 6.2231139814087095 3.745873980530928 6.385343006821069 5.4643880919161365 6.681209754357417 6.551522360909681 5.413662378500341 5.699954271353242 4.521606023213956 5.350926766583452 5.451154117724143
4.976660297827023 7.011458046122503 0.0 5.359461154986622 5.133147971888931 4.06438784753848 3.6904271954595185 3.646182970861039 5.009471991236118 3.731383777245857 3.996874337754245 5.130571571714087 4.169715831909475 4.283651696109989 4.744602062336016 3.6419049128628447 3.686397146535428 5.4613938160310695 3.6166279849097087 3.788010471610086 5.60034305290797 5.1995029889909015 5.1619650995392785 3.827181954559553 3.7461689620202043 5.319577628667938 5.1259487456894055 5.533533604231116 5.121743549204498 2.715795942419404 3.9302604312913725 4.727371461936771 5.701078967482962 4.037249386404739 5.178730991804576 4.14841299365215 3.089226337022956 4.096459535635893 3.995296038039051 5.029167914295465 6.000510771848552 5.213400286727434 4.12164132646483
3.803648590582634 6.009394390694588 5.359461154986622 0.0 6.2230747132606705 4.9024757473498175 5.859065174928731 3.297607008724756 5.203693441166022 4.823879190749234 4.425168310964829 3.2283669048323724 5.9788450254143095 5.495783533486751 5.011919747300173 6.203607355423223 4.2591745207869325 4.933394478530009 5.363228550041711 3.99256074103234 5.774025795180118 5.283206271764012 5.474739080772789 5.372300685079878 4.242695282918002 5.595323458397783 3.791674867667662 3.6537967409671923 5.751088499419271 5.02511341696277 5.494189158928162 6.186920616965267 4.518397466020106 4.641274014739858 5.075634010990252 6.48591457138664 4.503026426877457 5.2241638602143246 6.211931454434293 5.754861358286576 6.1078412234432 5.080458598521988 4.536353869128826
5.92204446970177 5.439383688918078 5.133147971888931 6.2230747132606705 0.0 3.389234403370615 5.059462241020118 5.848574997792371 4.271003095267752 6.0135737680870776 3.7462616325528337 5.897552665951691 5.387010628170526 3.9599527809467476 5.392850651111204 4.604186655119943 4.3021173221331885 3.672429436843927 4.435451916811711 5.642378397549734 3.895256799189281 5.3958219050092735 4.620748068577924 4.173335839140317 4.939237419323193 6.225275592004565 4.944408425520386 4.845340955653874 5.193344030020447 4.923420318186267 4.0989679574212845 4.442736013836972 6.336730874327065 3.805055322434294 6.227815983751132 4.184107445208671 5.5594993639409855 3.9343291328228407 5.3147214951347115 6.402405426564368 3.638006535447792 5.0581313809860715 3.576004801959085
4.244565288945221 4.796138150820045 4.06438784753848 4.9024757473498175 3.389234403370615 0.0 3.9701006681302276 4.629054715927373 4.08677601489224 3.715002084482992 3.6278647006325686 4.780282869286575 4.176433243316589 3.4445521349850625 3.424628424194464 4.128734656398972 3.8627097322098916 4.378746511747543 3.7512042674090615 5.022517205223017 3.5945904409372846 4.347969010132613 3.7547889192391937 2.644650556284655 3.7106350450823338 4.208205599685348 3.850112874228396 3.618071443796374 4.004470415718789 3.5841446892313575 3.5001699012661627 4.367584739598312 4.772532644443069 3.0375966134801464 4.41848434256712 4.234790927970922 4.1344576211787905 3.323981563973959 3.9200252440970025 4.254382840570082 4.237027915281042 4.20087172622876 3.2978465505061085
6.084117491568863 6.414444814554011 3.6904271954595185 5.859065174928731 5.059462241020118 3.9701006681302276 0.0 4.272498789386679 4.671981357124321 4.274789703344446 3.548017688398038 4.967533506356632 5.083506123218557 5.262001298358821 5.671478707102466 4.518072848881037 4.479226936532813 5.4139587816659756 3.829436261259046 5.136982238190064 3.865568277354421 4.172273422722611 4.323265390682425 3.8842437194752755 4.793210973522174 4.964503671074048 5.1400567876583105 5.156329472075371 4.878971472697612 3.4562144472244576 4.025752059383714 3.9924339219310037 5.0417253164882245 4.371473012303608 4.991789493936904 4.916828118328067 4.513834694748822 5.098618741760534 4.002365545464895 4.6760067654055035 5.1372495335151385 4.080947499544244 4.444081659149979
5.314373111873573 6.6099563211498324 3.646182970861039 3.297607008724756 5.848574997792371 4.629054715927373 4.272498789386679 0.0 5.760705610103573 4.415558377131586 4.202890115916155 3.600825654644174 5.092771051648872 5.118410949519513 5.293597180439455 5.414394142704228 4.42277119949932 5.794930250440439 4.644719999673849 3.9853729716144777 5.537020616231408 5.547345992424017 4.471682440375908 5.042749840734597 4.107825460577004 5.811736976518489 4.877671919776283 4.929627995011117 5.443308106263859 3.4033543957294423 4.363882702209491 6.068357978260754 5.960476983205664 4.687503245316592 4.314002589578237 6.064775322699275 4.569586403216962 4.59629736012089 4.533807939721384 5.874711538136418 6.414186719848605 5.72563871789157 4.540169488661143
4.467319015088577 5.495006157981786 5.009471991236118 5.203693441166022 4.271003095267752 4.08677601489224 4.671981357124321 5.760705610103573 0.0 4.40559230508773 3.6998621284793334 4.776690920478116 5.507862358634078 4.899931171592333 4.340392750638046 5.08597435484131 3.981449966697286 4.176921468618759 3.264364699482811 5.060392626554472 3.7571071941995653 3.2995255592263915 5.098105313303229 3.7989099145643994 4.510605380565141 4.976511335218008 3.649528728377166 3.415839612472993 4.335305531423217 4.959733982230043 4.929072373879065 3.121623315141284 3.906317134509386 3.83379136214117 5.696983697874732 4.682737191493084 3.615293107618846 4.9935292154204625 5.490795265205379 4.079160879394743 3.3980887924518375 3.7079537927529747 4.031711687562343
4.194529474944998 6.181271092658611 3.731383777245857 4.823879190749234 6.0135737680870776 3.7150020844829914 4.274789703344446 4.415558377131586 4.40559230508773 0.0 5.229825719536282 5.090007034539575 3.614581525455144 4.0197563778508485 4.1261293868560625 4.465821145692433 4.271822512657204 5.9639883060712 3.238596618285267 5.113250250771542 4.653827988287 3.92255164660223 4.940124108530917 3.674591988022778 4.2871484544947265 3.3805607785507106 3.6522215845049315 4.608687800003944 4.359119289437297 4.388806068843843 4.100611826376624 5.314758956531639 4.341307323223209 4.624210859820179 3.8225097426932386 5.194973909013646 3.2377871768643574 4.855438396655893 3.955254742970217 3.9476701249246875 6.09441445850043 5.004621818741141 4.589462896379617
5.002506989930646 6.068535027454336 3.996874337754245 4.425168310964829 3.7462616325528337 3.6278647006325686 3.548017688398038 4.202890115916155 3.6998621284793334 5.229825719536281 0.0 4.117372491829827 5.805237653809052 5.137952860461281 4.8635465544329675 5.1528778709146135 2.9894112750831643 3.7245405088917196 4.105524768497982 4.168854232735116 4.399687262773812 4.257119474350251 4.388896239143797 4.190846090383037 3.820369041396154 5.937144536486949 4.524810099895102 3.506435688740776 5.243680387144988 3.437956606424042 4.450462687546643 3.668476471984111 4.598908886004632 3.267624735713624 5.597512200880395 4.536479242303512 3.9026288273228844 3.977088266278308 5.3514983057428065 5.243486934517609 3.7597170023569952 3.405333315533044 2.9538489410479105
3.9838756234946326 5.222345254525235 5.130571571714087 3.2283669048323724 5.897552665951691 4.780282869286575 4.967533506356632 3.600825654644174 4.776690920478116 5.090007034539575 4.117372491829827 0.0 5.123011340660684 5.937430992298808 4.395218976524931 5.521043582016532 5.498802413027923 4.963646118113657 5.287875511498297 3.8144973351033227 5.298293433118985 4.799256806445129 5.279377600897094 4.529483812360497 4.2008257739093775 5.254912414114755 4.140629934276801 3.931401364375107 4.06951395938902 4.419999327367179 5.886972291740978 4.556030698480349 4.755978595811524 4.382402419131377 4.885844390934919 6.566995555340266 4.134325261753041 6.170715127992249 5.172297886003723 4.47425651971264 4.667125488850128 5.192324072146476 4.2082929891316665
4.788318254464671 5.940886875420921 4.169715831909475 5.9788450254143095 5.3870106281705255 4.176433243316589 5.083506123218557 5.092771051648872 5.507862358634078 3.614581525455144 5.805237653809052 5.123011340660684 0.0 3.5739051477675057 4.556308667770875 3.4980456267099256 5.606006811230992 5.8433296820288705 4.209774608475891 5.374209177634023 5.226749282686598 5.280442896465916 5.616713088341158 3.668374911737575 4.9706679496951685 4.218728051398583 4.155447339931924 5.787857643637127 3.720264175730931 5.064380801820743 4.810093553677981 5.1978669116458125 5.940465089838996 5.13756925984523 4.30917721570938 5.688451821826901 4.089767842013264 5.852508834367564 3.593654003180793 5.14281733386704 5.708746743858097 6.418206192182898 4.1118608318259025
5.093671265080841 6.406750548194768 4.283651696109989 5.495783533486751 3.9599527809467476 3.4445521349850625 5.262001298358821 5.118410949519513 4.899931171592333 4.0197563778508485 5.137952860461281 5.937430992298808 3.5739051477675057 0.0 5.263148965102164 3.7564209905690977 3.9453872652320148 4.708875394103831 4.136825664756831 5.6434741281584895 4.877517425584712 5.600452137118668 5.336167930423182 3.2244956167533423 4.42002577225811 5.360336942557575 3.451628477433973 5.482767989709385 5.3218821411374675 5.45135619878463 3.8149792229058725 5.450314068755952 5.615836273758231 4.976159834447439 4.40844485530487 5.177814982964425 4.492955530187239 4.428938311722157 4.520852375938078 5.873999468470278 6.001606090363662 5.985404239238387 4.415166639347993
3.501381194929357 5.379474425104763 4.744602062336017 5.011919747300173 5.392850651111204 3.424628424194464 5.671478707102466 5.293597180439455 4.340392750638046 4.1261293868560625 4.8635465544329675 4.395218976524931 4.556308667770875 5.263148965102164 0.0 5.550995608779048 5.403328603185639 5.98935011157298 4.470100531855846 5.082099332869085 5.55496512118434 5.122417766989583 5.254986098850365 4.00307220762512 4.433873927797242 4.538803249810916 4.748949740423002 3.803744916258071 3.7547558323665067 4.0544175235676105 5.618559133337291 5.017064788788644 5.3200567786598025 3.9067144177571715 5.30342064900117 5.617620962494207 3.5911287636385203 4.5637128873681085 5.020862799957409 3.5292970708530538 4.704797483704594 5.401725109296973 3.8940359861023324
4.576544514910974 5.348194184923204 3.6419049128628447 6.203607355423223 4.604186655119943 4.128734656398972 4.518072848881037 5.414394142704228 5.08597435484131 4.465821145692433 5.1528778709146135 5.521043582016532 3.4980456267099256 3.7564209905690977 5.550995608779048 0.0 4.848930547580128 4.072623657276431 4.360868521106261 4.2543353911928525 4.663714647292939 5.255052323470361 5.773372055757524 3.07986603900445 4.43534654311463 4.144086447404373 4.497286907630852 5.964231681504131 4.200160315747196 4.614806000146348 4.091931269098869 3.973332818577242 5.457923364464855 3.9021089764544756 5.746815202294087 3.6499303025755974 4.410772810603493 5.700407207939489 4.033481089843946 5.0718473663259 5.4329684633280735 5.133100047167838 4.625856117428448
4.755906338067033 6.662444863608514 3.686397146535428 4.2591745207869325 4.3021173221331885 3.8627097322098916 4.479226936532813 4.42277119949932 3.981449966697286 4.271822512657204 2.9894112750831643 5.498802413027923 5.606006811230992 3.9453872652320148 5.403328603185639 4.848930547580128 0.0 3.891889450115366 3.5331913161581334 4.4764048212632765 4.722748286308562 4.509605503170566 4.799636262049372 4.470785654827564 3.7199080518584697 5.675664463179176 3.9076175916086715 4.019585803837464 5.993873225997597 4.296551660636569 3.5338201688883473 5.044307939365847 4.471246163101415 3.7802330092763072 5.386811431174864 3.9657450975708413 3.7866151693176318 3.3027375300865676 5.5479072337030395 5.943007261302772 5.455749286861887 3.8426486334698824 3.6734342259198427
4.323359171325595 4.821169377278836 5.4613938160310695 4.933394478530009 3.672429436843927 4.378746511747543 5.4139587816659756 5.794930250440439 4.176921468618759 5.9639883060712 3.7245405088917196 4.963646118113657 5.8433296820288705 4.708875394103831 5.98935011157298 4.072623657276431 3.891889450115366 0.0 5.141364533807237 4.211864490720312 4.30310620010808 4.889788697389818 5.757737668985584 4.2654537339351934 4.446955770485325 5.459607492988549 3.8572312126339137 4.424995594817882 5.30117314182213 5.493077304165041 4.861230107791757 3.8580104573683136 4.443589694401333 3.4471194768732607 6.570569272490088 4.172713623510327 5.0313811730970635 5.542963539591933 6.14692587207684 5.988445867566911 4.0648786324074395 3.742640804142432 4.023207292638521
4.995590376071659 5.643851968317213 3.6166279849097087 5.363228550041711 4.435451916811711 3.7512042674090615 3.829436261259046 4.644719999673848 3.264364699482811 3.238596618285267 4.105524768497982 5.287875511498296 4.209774608475891 4.136825664756831 4.470100531855846 4.360868521106261 3.5331913161581334 5.141364533807236 0.0 5.176528223176761 3.555941482855842 4.17622287437735 3.7383980142582507 4.146959489758681 4.30157540730695 4.420808551897508 3.9247480539830746 3.984357372969762 3.938891791802663 3.760218469795807 3.003840253533558 4.5352689996154725 5.249342635267292 3.7191193720407156 4.4982137877479795 4.008405579829271 3.7408391228695312 3.9387222524306176 3.8039040781277755 4.8729554179449766 4.814109145905017 4.569938977537829 3.8546001569599393
3.7416383071681967 6.049484014480193 3.788010471610086 3.99256074103234 5.642378397549734 5.022517205223017 5.136982238190064 3.9853729716144777 5.060392626554472 5.113250250771542 4.168854232735116 3.8144973351033227 5.374209177634023 5.6434741281584895 5.082099332869085 4.2543353911928525 4.4764048212632765 4.211864490720312 5.176528223176761 0.0 5.92113274709327 5.010260893335463 6.39955687933755 4.695479669077022 4.617353299835025 5.114039147483835 5.115837207280292 5.218027109581709 5.365374233325669 4.015037144949817 5.549204172996288 4.616364626615703 4.883407754226373 3.69434189500274 6.7537675728572895 4.574061306313376 3.813663668610609 5.417440708768366 6.0235778681152485 5.285307400428334 5.4577777854980365 4.404590115978818 4.068705457021036
5.594710079170804 3.900427762830934 5.600343052907969 5.774025795180118 3.895256799189281 3.5945904409372846 3.865568277354421 5.537020616231409 3.7571071941995653 4.653827988287 4.399687262773812 5.298293433118985 5.226749282686598 4.877517425584712 5.55496512118434 4.663714647292939 4.722748286308562 4.30310620010808 3.555941482855842 5.92113274709327 0.0 3.7181251587186135 3.3053828412871393 4.311117807065138 4.904145659205782 4.2231203214286275 4.05961623930687 3.8556802465186535 3.8275159676340316 4.84143839215795 3.324132979187195 4.366289860634807 5.1489023101672 3.663684548350196 5.066040546187362 4.436460351039629 5.619637744721474 5.093701669087359 4.271421922435337 5.303702993379032 3.789807868639233 3.9479192752210666 4.381413204152326
4.906584405131959 5.837308652659997 5.1995029889909015 5.283206271764012 5.3958219050092735 4.347969010132613 4.172273422722611 5.547345992424017 3.2995255592263915 3.92255164660223 4.257119474350251 4.799256806445129 5.280442896465916 5.600452137118668 5.122417766989583 5.255052323470361 4.509605503170566 4.889788697389818 4.17622287437735 5.010260893335463 3.7181251587186135 0.0 5.373503066077394 4.44892892378714 5.174548907548029 4.415779080743593 4.24302650725791 4.095157353559651 4.769904604452019 5.134346797371606 5.189862023763047 3.9649535321622555 3.6456609646831986 4.430210337345086 5.765619094728989 5.017801040277516 4.0974114727278055 5.770268041306981 5.559316406220965 4.619674195452502 3.9798088587352893 3.480199094862033 3.933724809994674
6.098490710241893 4.906921447354318 5.1619650995392785 5.474739080772789 4.620748068577924 3.7547889192391937 4.323265390682425 4.471682440375908 5.098105313303229 4.940124108530917 4.388896239143797 5.279377600897094 5.616713088341158 5.336167930423182 5.254986098850365 5.773372055757524 4.799636262049372 5.757737668985584 3.7383980142582507 6.39955687933755 3.3053828412871393 5.373503066077394 0.0 5.25174665824452 3.998298325363001 5.57961593065312 4.913970588605644 3.713813144142048 4.29813181318251 3.7355639721050937 2.738486101053749 5.892286505447957 6.6344230290938695 3.9131822935930964 3.960459066409863 5.308690449093682 5.891502772766479 4.130007633359165 3.384218339985516 6.042633462420804 5.135519741352235 5.47735341499145 4.7636364816342445
4.047969911487825 5.471827869854817 3.827181954559553 5.372300685079878 4.173335839140317 2.644650556284655 3.8842437194752755 5.042749840734597 3.7989099145643994 3.674591988022778 4.190846090383037 4.529483812360497 3.668374911737575 3.2244956167533423 4.00307220762512 3.07986603900445 4.470785654827564 4.265453733935194 4.146959489758681 4.695479669077022 4.311117807065138 4.44892892378714 5.25174665824452 0.0 3.8408133690267046 4.200779195262433 3.561585843648079 4.772401478249209 3.8917524517421844 4.354359977190895 4.51590136306408 3.131667480406773 4.14702046116269 3.9239842118863213 4.589254799983581 4.804248290951314 3.3212697888265548 5.030989896508065 3.9773585687747093 3.1932092534170673 4.608416731920307 4.615734593565806 4.135221137517999
3.856739006759767 5.4402537545066965 3.7461689620202043 4.242695282918002 4.939237419323193 3.7106350450823333 4.793210973522174 4.107825460577004 4.510605380565141 4.2871484544947265 3.820369041396154 4.2008257739093775 4.9706679496951685 4.42002577225811 4.433873927797242 4.43534654311463 3.7199080518584697 4.446955770485325 4.30157540730695 4.617353299835025 4.904145659205781 5.174548907548029 3.998298325363001 3.8408133690267046 0.0 5.314678743013581 3.721742742847407 3.7500492672865975 4.33937807575277 3.603030510762948 3.732483660315325 4.747249871885273 5.110779590452888 3.3197641371861004 4.003895713335236 4.865636000634949 3.803722630614869 4.54551746589492 3.781086325013255 4.851424576485579 5.301032892779555 5.074899605367113 4.396155844345676
3.753663992118241 4.189233198781808 5.319577628667938 5.5953234583977824 6.225275592004565 4.208205599685348 4.964503671074048 5.811736976518489 4.976511335218008 3.3805607785507106 5.937144536486949 5.254912414114755 4.218728051398583 5.360336942557575 4.538803249810916 4.144086447404373 5.675664463179176 5.459607492988549 4.420808551897508 5.114039147483835 4.2231203214286275 4.415779080743593 5.57961593065312 4.200779195262433 5.314678743013581 0.0 4.308975232302222 4.799716399808977 3.5036617590049537 5.0360862656895025 4.921707882021906 5.060946621129167 4.329585425635051 4.073847621397911 5.58747588807195 4.837365750232209 4.734194872178166 6.071380177969997 4.802096447089232 3.8805556759170976 5.5318458159001205 4.34904805836774 4.886463712434199
3.485610407178952 5.0293554712733615 5.1259487456894055 3.791674867667662 4.944408425520386 3.850112874228396 5.1400567876583105 4.877671919776283 3.649528728377166 3.6522215845049315 4.524810099895103 4.140629934276801 4.155447339931924 3.451628477433973 4.748949740423002 4.497286907630852 3.9076175916086715 3.8572312126339137 3.9247480539830746 5.115837207280292 4.059616239306871 4.24302650725791 4.913970588605644 3.561585843648079 3.721742742847407 4.308975232302222 0.0 3.4538913430054596 4.171303582581581 5.502573281012404 4.420904581691344 4.627598580138892 3.552101124871821 4.373089626796689 3.7104629112761356 5.644463700386242 3.7804228592710714 5.476316386821531 4.7766244321444065 4.742169903615093 4.940814603498693 4.760760278709442 4.080697263338319
3.8061590771245184 4.358376137784249 5.533533604231117 3.6537967409671923 4.845340955653874 3.618071443796374 5.15632947207537 4.929627995011117 3.415839612472993 4.608687800003944 3.506435688740776 3.931401364375107 5.7878576436371265 5.482767989709385 3.803744916258071 5.964231681504131 4.019585803837464 4.424995594817882 3.984357372969762 5.218027109581708 3.8556802465186535 4.095157353559651 3.713813144142048 4.772401478249209 3.7500492672865975 4.799716399808977 3.4538913430054596 0.0 4.1489779779901435 4.404863499775532 4.584821632456668 4.8681670805112125 4.263242340351289 3.182549274439371 4.815806696960441 5.281990230139242 4.4055568996432655 4.481574304421323 5.309448371873874 4.766011713271631 3.8401543830634854 3.8391853312735917 3.6621775915824606
4.182766012395771 3.348400179422161 5.121743549204499 5.751088499419271 5.193344030020447 4.004470415718789 4.878971472697612 5.443308106263859 4.335305531423217 4.359119289437297 5.243680387144988 4.06951395938902 3.720264175730931 5.3218821411374675 3.7547558323665067 4.200160315747196 5.993873225997597 5.30117314182213 3.938891791802663 5.365374233325669 3.8275159676340316 4.769904604452019 4.29813181318251 3.8917524517421844 4.33937807575277 3.5036617590049537 4.171303582581581 4.1489779779901435 0.0 4.334373083944609 4.705145768492193 4.10687483566185 5.583982532340599 3.659969621405901 4.619862396632265 5.250164567778777 4.613546382471342 5.99339888936747 3.2635806410304493 3.8002858922784366 4.020273187270901 5.385977866164323 4.4627323466329845
4.93964003673518 5.714582375223371 2.715795942419404 5.02511341696277 4.923420318186267 3.5841446892313575 3.4562144472244576 3.4033543957294423 4.959733982230043 4.388806068843843 3.437956606424042 4.419999327367179 5.064380801820743 5.45135619878463 4.0544175235676105 4.614806000146348 4.296551660636569 5.493077304165041 3.760218469795807 4.015037144949817 4.84143839215795 5.134346797371606 3.7355639721050937 4.354359977190895 3.603030510762948 5.0360862656895025 5.502573281012404 4.404863499775532 4.334373083944609 0.0 3.746576089044385 4.775572394241174 5.936977048869629 2.8707619046347843 5.218870910442767 4.1114156921981495 4.130575443244189 3.619977046904458 3.7671674228212297 4.724301128038732 5.134258863360842 4.624627958054091 3.959834886664544
5.611867583481352 5.30890425579908 3.9302604312913725 5.494189158928162 4.0989679574212845 3.5001699012661627 4.025752059383714 4.363882702209491 4.929072373879065 4.100611826376624 4.450462687546643 5.886972291740978 4.810093553677981 3.8149792229058725 5.618559133337291 4.091931269098869 3.5338201688883473 4.861230107791757 3.003840253533558 5.549204172996288 3.324132979187195 5.189862023763047 2.738486101053749 4.51590136306408 3.732483660315325 4.921707882021906 4.420904581691344 4.584821632456668 4.705145768492193 3.746576089044385 0.0 5.5809026278679585 6.142853213729273 3.5490798436448503 4.372591425229439 3.70956804251539 5.2772198566726125 3.5409114250905867 3.2831648974863445 6.099356541409518 5.674699264213102 5.00885686852441 4.545316418480614
4.792970811179889 5.557763155991659 4.727371461936771 6.186920616965266 4.442736013836972 4.367584739598312 3.9924339219310037 6.068357978260754 3.121623315141284 5.314758956531639 3.668476471984111 4.556030698480349 5.1978669116458125 5.450314068755952 5.017064788788644 3.973332818577242 5.044307939365847 3.8580104573683136 4.5352689996154725 4.616364626615703 4.366289860634807 3.9649535321622555 5.892286505447957 3.131667480406773 4.747249871885273 5.060946621129167 4.627598580138892 4.8681670805112125 4.10687483566185 4.775572394241174 5.5809026278679585 0.0 4.244098335442671 3.9184953760223094 6.319440534646626 4.65849986531226 3.832254842996088 6.1803879076121655 5.25647830924912 3.7862771494255836 3.1159055773974247 3.8689461947416945 4.194479941743601
3.7285420187656038 6.2231139814087095 5.701078967482962 4.518397466020106 6.336730874327065 4.772532644443069 5.0417253164882245 5.960476983205664 3.906317134509386 4.341307323223209 4.598908886004632 4.755978595811524 5.940465089838996 5.615836273758231 5.3200567786598025 5.457923364464855 4.471246163101415 4.443589694401333 5.249342635267292 4.883407754226373 5.1489023101672 3.6456609646831986 6.6344230290938695 4.14702046116269 5.110779590452888 4.329585425635051 3.552101124871821 4.263242340351289 5.583982532340599 5.936977048869629 6.142853213729273 4.244098335442671 0.0 4.8677933615517786 6.025911681723964 5.872207074150064 3.733275683442525 6.426317176631866 6.605371926870941 3.985465429973204 5.33089631656601 3.1819647448777353 4.811669647766753
3.573971246250983 3.745873980530928 4.037249386404739 4.641274014739858 3.805055322434294 3.0375966134801464 4.371473012303608 4.687503245316592 3.83379136214117 4.624210859820179 3.267624735713624 4.382402419131377 5.13756925984523 4.97615983444744 3.9067144177571715 3.902108976454476 3.7802330092763072 3.4471194768732607 3.7191193720407156 3.69434189500274 3.663684548350196 4.430210337345086 3.9131822935930964 3.9239842118863217 3.319764137186101 4.073847621397911 4.373089626796688 3.182549274439371 3.659969621405901 2.8707619046347843 3.5490798436448503 3.9184953760223094 4.8677933615517786 0.0 5.722695242687498 2.782655816030901 4.2521016769589055 3.8088643008780885 4.500898593233829 4.580582218612664 3.7186931159770054 3.24230080453222 3.3532750762456836
5.66314196781472 6.385343006821069 5.178730991804576 5.075634010990252 6.227815983751132 4.41848434256712 4.991789493936904 4.314002589578237 5.696983697874732 3.8225097426932386 5.597512200880394 4.885844390934919 4.30917721570938 4.40844485530487 5.30342064900117 5.746815202294087 5.386811431174864 6.570569272490088 4.4982137877479795 6.7537675728572895 5.066040546187362 5.765619094728989 3.960459066409863 4.589254799983581 4.003895713335236 5.58747588807195 3.7104629112761356 4.815806696960441 4.619862396632265 5.218870910442767 4.372591425229439 6.319440534646626 6.025911681723964 5.722695242687499 0.0 7.1323169777320095 5.009665137899798 5.785662948332628 3.2253378444728136 5.482841285726605 6.613614825097886 6.790942107739778 5.498294063417353
5.148564182432377 5.4643880919161365 4.14841299365215 6.48591457138664 4.184107445208671 4.234790927970922 4.916828118328067 6.064775322699275 4.682737191493084 5.194973909013646 4.536479242303512 6.566995555340266 5.688451821826901 5.177814982964425 5.617620962494207 3.6499303025755974 3.9657450975708413 4.172713623510327 4.008405579829271 4.574061306313376 4.436460351039629 5.017801040277516 5.308690449093682 4.804248290951314 4.865636000634949 4.837365750232209 5.644463700386242 5.281990230139242 5.250164567778777 4.1114156921981495 3.70956804251539 4.65849986531226 5.872207074150064 2.782655816030901 7.1323169777320095 0.0 5.106644778353209 4.270606124445973 5.405555413466503 5.968101804222919 5.0132108935287425 3.893783639365203 4.396567505178459
3.3721263971648985 6.681209754357418 3.089226337022956 4.503026426877457 5.5594993639409855 4.1344576211787905 4.513834694748822 4.569586403216962 3.615293107618846 3.2377871768643574 3.9026288273228844 4.134325261753041 4.089767842013264 4.492955530187239 3.5911287636385203 4.410772810603493 3.7866151693176318 5.0313811730970635 3.7408391228695312 3.813663668610609 5.619637744721474 4.0974114727278055 5.891502772766479 3.3212697888265548 3.803722630614869 4.734194872178166 3.7804228592710714 4.4055568996432655 4.613546382471342 4.130575443244189 5.2772198566726125 3.832254842996088 3.733275683442525 4.2521016769589055 5.009665137899798 5.106644778353209 0.0 5.06279216078684 5.018136318236495 3.5904079062964214 5.131151004348492 4.610481581206643 3.6416492379151513
5.656633981311084 6.551522360909681 4.096459535635893 5.2241638602143246 3.9343291328228407 3.323981563973959 5.098618741760534 4.59629736012089 4.9935292154204625 4.855438396655893 3.977088266278308 6.170715127992249 5.852508834367564 4.428938311722157 4.5637128873681085 5.700407207939489 3.3027375300865676 5.542963539591933 3.9387222524306176 5.417440708768366 5.093701669087359 5.770268041306981 4.130007633359165 5.030989896508065 4.54551746589492 6.071380177969997 5.476316386821531 4.481574304421323 5.99339888936747 3.619977046904458 3.5409114250905867 6.180387907612166 6.426317176631866 3.8088643008780885 5.785662948332628 4.270606124445973 5.06279216078684 0.0 5.372203697698527 6.315249588724747 5.750666584846442 5.131619795658738 3.9959146866531285
5.679569304800519 5.413662378500341 3.995296038039051 6.211931454434293 5.3147214951347115 3.920025244097003 4.002365545464895 4.533807939721384 5.490795265205379 3.955254742970217 5.3514983057428065 5.172297886003723 3.593654003180793 4.520852375938078 5.020862799957409 4.033481089843946 5.5479072337030395 6.14692587207684 3.8039040781277755 6.0235778681152485 4.271421922435337 5.559316406220965 3.384218339985516 3.9773585687747093 3.781086325013255 4.802096447089232 4.7766244321444065 5.309448371873874 3.2635806410304493 3.7671674228212297 3.2831648974863445 5.25647830924912 6.605371926870941 4.500898593233829 3.2253378444728136 5.405555413466503 5.018136318236495 5.372203697698527 0.0 5.014061777541847 5.798128373903339 6.3001358278609345 5.161447075745314
3.986712688460578 5.699954271353242 5.029167914295465 5.754861358286576 6.402405426564368 4.254382840570082 4.6760067654055035 5.874711538136418 4.079160879394743 3.9476701249246875 5.243486934517609 4.47425651971264 5.14281733386704 5.873999468470278 3.5292970708530538 5.0718473663259 5.943007261302772 5.988445867566911 4.8729554179449766 5.285307400428334 5.303702993379032 4.619674195452502 6.042633462420804 3.1932092534170673 4.851424576485579 3.8805556759170976 4.742169903615093 4.766011713271631 3.8002858922784366 4.724301128038732 6.099356541409517 3.7862771494255836 3.985465429973204 4.580582218612664 5.482841285726605 5.968101804222919 3.5904079062964214 6.315249588724747 5.014061777541847 0.0 5.201177326356332 4.764109177122344 5.373722900713443
5.212960656290994 4.521606023213956 6.000510771848553 6.1078412234432 3.638006535447792 4.237027915281042 5.1372495335151385 6.4141867198486056 3.3980887924518375 6.09441445850043 3.7597170023569952 4.667125488850128 5.708746743858097 6.001606090363662 4.704797483704594 5.4329684633280735 5.455749286861887 4.0648786324074395 4.814109145905017 5.4577777854980365 3.789807868639233 3.9798088587352893 5.135519741352235 4.608416731920307 5.301032892779555 5.5318458159001205 4.940814603498693 3.8401543830634854 4.020273187270901 5.134258863360842 5.674699264213102 3.1159055773974247 5.33089631656601 3.7186931159770054 6.613614825097886 5.0132108935287425 5.131151004348492 5.750666584846442 5.798128373903339 5.201177326356332 0.0 4.228853293523977 3.387993398067619
4.571643840250573 5.350926766583452 5.213400286727434 5.080458598521988 5.0581313809860715 4.20087172622876 4.080947499544244 5.72563871789157 3.7079537927529747 5.004621818741141 3.405333315533044 5.192324072146476 6.418206192182898 5.985404239238387 5.401725109296973 5.133100047167838 3.8426486334698824 3.742640804142432 4.569938977537829 4.404590115978818 3.9479192752210666 3.480199094862033 5.47735341499145 4.615734593565806 5.074899605367113 4.34904805836774 4.760760278709442 3.8391853312735917 5.385977866164323 4.624627958054091 5.00885686852441 3.8689461947416945 3.1819647448777353 3.24230080453222 6.790942107739778 3.893783639365203 4.610481581206643 5.131619795658738 6.3001358278609345 4.764109177122344 4.228853293523977 0.0 4.072387273528015
4.271332251350265 5.451154117724143 4.12164132646483 4.536353869128826 3.576004801959085 3.2978465505061085 4.444081659149979 4.540169488661143 4.0317116875623435 4.589462896379616 2.9538489410479105 4.2082929891316665 4.1118608318259025 4.415166639347993 3.894035986102332 4.625856117428448 3.6734342259198427 4.02320729263852 3.8546001569599393 4.068705457021036 4.381413204152326 3.933724809994674 4.7636364816342445 4.135221137517999 4.396155844345676 4.886463712434199 4.080697263338319 3.6621775915824606 4.4627323466329845 3.959834886664544 4.545316418480614 4.194479941743601 4.811669647766753 3.3532750762456836 5.498294063417353 4.396567505178459 3.6416492379151513 3.9959146866531285 5.161447075745314 5.373722900713443 3.387993398067619 4.072387273528015 0.0
