0.0 3.930584790078326 4.365313476402903 3.3679040518432863 4.146530943801931 3.42748255156011 3.89698948319863 3.416157819539619 3.8314918718337294 4.761771968883019
3.930584790078326 0.0 3.729418080526424 3.602719169841784 4.431503755480774 3.9305430681050266 3.975190672200852 4.863289770438455 3.849382682072019 3.524277974691416
4.365313476402903 3.7294180805264237 0.0 3.475849900686399 3.387678419352553 3.71977605270697 3.4076631299517364 3.980903004972768 3.5839441947174757 3.894526658602867
3.3679040518432863 3.602719169841784 3.4758499006863985 0.0 3.975306435309696 3.521271105516457 3.4205289133651884 3.84570877384021 4.093029633795153 4.162730401208994
4.146530943801931 4.431503755480774 3.387678419352553 3.975306435309696 0.0 3.917941392180246 3.958365330010768 3.702312676495172 3.2794927657314914 3.2648667811006313
3.42748255156011 3.930543068105026 3.7197760527069694 3.521271105516457 3.917941392180246 0.0 4.16897024122128 4.539215677115672 3.2278177850051657 4.509115694923651
3.89698948319863 3.975190672200852 3.4076631299517364 3.4205289133651884 3.958365330010768 4.16897024122128 0.0 3.9576710901075463 4.3536081011111145 3.2412272697474354
3.416157819539619 4.863289770438454 3.980903004972768 3.84570877384021 3.702312676495172 4.539215677115672 3.9576710901075463 0.0 4.552713057827736 3.8279213959537923
3.8314918718337294 3.849382682072019 3.5839441947174757 4.093029633795153 3.2794927657314914 3.2278177850051657 4.3536081011111145 4.552713057827736 0.0 4.116865629725019
4.761771968883019 3.524277974691416 3.894526658602867 4.162730401208993 3.2648667811006313 4.509115694923651 3.2412272697474354 3.8279213959537923 4.116865629725019 0.0
