0.0 3.261983730145698 3.9577346051178024 3.4170221723334935 3.841367792504289 3.309759162096023 3.4612503452207326
3.261983730145698 0.0 3.6148424080374792 4.141643132557464 4.00054623413734 3.678014954187945 3.4113487818337114
3.9577346051178024 3.6148424080374792 0.0 3.9515941392236194 3.3925562569587306 3.278609122360804 4.142568877348919
3.4170221723334935 4.141643132557464 3.9515941392236194 0.0 3.67920809084506 4.049811701393308 4.099904748884973
3.841367792504289 4.00054623413734 3.3925562569587306 3.67920809084506 0.0 3.3431172491429253 3.192606610482226
3.309759162096023 3.678014954187945 3.278609122360804 4.049811701393308 3.3431172491429253 0.0 3.6903747269886864
3.4612503452207326 3.4113487818337114 4.142568877348919 4.099904748884973 3.192606610482226 3.6903747269886864 0.0
