0.0 4.752033147152002 4.976660297827023 3.803648590582634 5.92204446970177 4.244565288945221 6.084117491568862 5.314373111873572 4.467319015088577 4.194529474944998 5.002506989930646 3.983875623494632 4.788318254464672 5.0936712650808404 3.501381194929357 4.576544514910974 4.755906338067033 4.3233591713255946 4.995590376071658 3.7416383071681962 5.594710079170804 4.906584405131958 6.098490710241892 4.047969911487825 3.8567390067597667 3.753663992118241 3.485610407178952 3.8061590771245184 4.182766012395771 4.939640036735179 5.611867583481352 4.792970811179888 3.7285420187656038 3.573971246250982 5.66314196781472 5.148564182432377 3.372126397164898 5.656633981311083 5.679569304800519 3.9867126884605777 5.212960656290994 4.571643840250573 4.271332251350264
4.752033147152002 0.0 7.0114580461225025 6.009394390694588 5.439383688918078 4.796138150820045 6.414444814554011 6.609956321149832 5.495006157981786 6.181271092658611 6.068535027454336 5.222345254525235 5.940886875420921 6.406750548194768 5.379474425104762 5.348194184923203 6.662444863608514 4.821169377278836 5.643851968317212 6.049484014480192 3.9004277628309345 5.8373086526599955 4.906921447354317 5.471827869854817 5.440253754506696 4.189233198781807 5.0293554712733615 4.358376137784249 3.3484001794221605 5.714582375223369 5.30890425579908 5.557763155991658 6.2231139814087095 3.7458739805309276 6.385343006821069 5.4643880919161365 6.681209754357417 6.551522360909681 5.413662378500341 5.699954271353241 4.521606023213956 5.350926766583452 5.451154117724143
4.976660297827023 7.0114580461225025 0.0 5.359461154986623 5.133147971888931 4.06438784753848 3.690427195459519 3.6461829708610396 5.009471991236118 3.731383777245857 3.996874337754246 5.130571571714087 4.169715831909475 4.283651696109989 4.744602062336016 3.6419049128628447 3.6863971465354286 5.4613938160310695 3.6166279849097083 3.788010471610086 5.60034305290797 5.199502988990901 5.1619650995392785 3.8271819545595536 3.7461689620202048 5.319577628667938 5.125948745689406 5.533533604231117 5.121743549204499 2.715795942419404 3.930260431291373 4.72737146193677 5.701078967482962 4.037249386404739 5.178730991804576 4.148412993652149 3.0892263370229562 4.096459535635893 3.995296038039051 5.029167914295465 6.000510771848554 5.213400286727435 4.12164132646483
3.803648590582634 6.009394390694588 5.359461154986623 0.0 6.2230747132606705 4.902475747349818 5.859065174928731 3.2976070087247566 5.203693441166022 4.823879190749234 4.42516831096483 3.228366904832373 5.9788450254143095 5.495783533486752 5.011919747300173 6.203607355423223 4.259174520786933 4.933394478530009 5.363228550041711 3.99256074103234 5.774025795180119 5.283206271764012 5.474739080772789 5.372300685079878 4.242695282918002 5.595323458397783 3.7916748676676626 3.6537967409671928 5.751088499419271 5.025113416962771 5.494189158928163 6.186920616965266 4.518397466020106 4.641274014739859 5.075634010990253 6.485914571386641 4.503026426877457 5.2241638602143246 6.211931454434293 5.754861358286577 6.1078412234432 5.080458598521988 4.536353869128827
5.92204446970177 5.439383688918078 5.133147971888931 6.2230747132606705 0.0 3.3892344033706157 5.059462241020118 5.848574997792371 4.271003095267752 6.0135737680870776 3.746261632552834 5.897552665951691 5.387010628170526 3.959952780946748 5.392850651111205 4.604186655119943 4.302117322133189 3.672429436843926 4.435451916811711 5.642378397549734 3.8952567991892804 5.395821905009273 4.620748068577924 4.173335839140316 4.939237419323193 6.225275592004565 4.944408425520386 4.845340955653874 5.193344030020446 4.923420318186267 4.0989679574212845 4.442736013836972 6.336730874327065 3.8050553224342942 6.227815983751132 4.184107445208671 5.5594993639409855 3.934329132822841 5.314721495134711 6.402405426564368 3.6380065354477926 5.058131380986072 3.576004801959086
4.244565288945221 4.796138150820045 4.06438784753848 4.9024757473498175 3.3892344033706157 0.0 3.9701006681302276 4.629054715927373 4.08677601489224 3.715002084482992 3.627864700632569 4.780282869286575 4.17643324331659 3.4445521349850625 3.424628424194464 4.128734656398972 3.862709732209892 4.378746511747543 3.751204267409061 5.022517205223017 3.594590440937285 4.347969010132612 3.7547889192391937 2.6446505562846547 3.7106350450823338 4.208205599685349 3.850112874228396 3.618071443796374 4.004470415718789 3.5841446892313575 3.500169901266163 4.367584739598312 4.772532644443069 3.0375966134801464 4.41848434256712 4.234790927970922 4.1344576211787905 3.323981563973959 3.9200252440970025 4.254382840570082 4.237027915281043 4.200871726228761 3.2978465505061085
6.084117491568862 6.414444814554011 3.690427195459519 5.859065174928731 5.059462241020118 3.9701006681302276 0.0 4.272498789386679 4.671981357124321 4.274789703344446 3.548017688398038 4.967533506356633 5.083506123218557 5.262001298358821 5.671478707102466 4.518072848881037 4.479226936532813 5.413958781665975 3.8294362612590453 5.136982238190064 3.865568277354421 4.172273422722611 4.323265390682425 3.8842437194752755 4.793210973522174 4.964503671074049 5.1400567876583105 5.156329472075371 4.8789714726976126 3.4562144472244576 4.025752059383714 3.9924339219310028 5.0417253164882245 4.371473012303608 4.991789493936904 4.916828118328067 4.513834694748822 5.098618741760533 4.002365545464895 4.6760067654055035 5.1372495335151385 4.080947499544244 4.444081659149979
5.314373111873572 6.609956321149832 3.6461829708610396 3.2976070087247566 5.848574997792371 4.629054715927373 4.272498789386679 0.0 5.760705610103573 4.415558377131587 4.202890115916156 3.600825654644175 5.092771051648873 5.118410949519514 5.293597180439455 5.414394142704228 4.42277119949932 5.794930250440439 4.644719999673848 3.9853729716144772 5.537020616231409 5.547345992424017 4.471682440375908 5.042749840734597 4.107825460577004 5.81173697651849 4.877671919776283 4.929627995011117 5.443308106263859 3.4033543957294423 4.363882702209491 6.068357978260754 5.960476983205664 4.687503245316592 4.314002589578237 6.064775322699275 4.569586403216962 4.59629736012089 4.533807939721384 5.874711538136418 6.4141867198486056 5.725638717891571 4.540169488661143
4.467319015088577 5.495006157981786 5.009471991236118 5.203693441166022 4.271003095267752 4.08677601489224 4.671981357124321 5.760705610103573 0.0 4.40559230508773 3.699862128479334 4.776690920478116 5.507862358634079 4.899931171592332 4.340392750638047 5.08597435484131 3.981449966697286 4.176921468618759 3.264364699482811 5.060392626554472 3.7571071941995653 3.299525559226391 5.098105313303229 3.7989099145643994 4.510605380565141 4.976511335218008 3.6495287283771662 3.4158396124729933 4.335305531423217 4.959733982230043 4.929072373879066 3.1216233151412833 3.9063171345093863 3.83379136214117 5.696983697874732 4.682737191493084 3.6152931076188457 4.9935292154204625 5.490795265205379 4.079160879394743 3.398088792451838 3.707953792752975 4.0317116875623435
4.194529474944998 6.181271092658611 3.731383777245857 4.823879190749234 6.0135737680870776 3.715002084482992 4.274789703344446 4.415558377131587 4.40559230508773 0.0 5.229825719536282 5.090007034539575 3.614581525455144 4.0197563778508485 4.1261293868560625 4.465821145692433 4.271822512657204 5.9639883060712 3.238596618285267 5.113250250771542 4.653827988287001 3.9225516466022294 4.940124108530917 3.674591988022778 4.2871484544947265 3.3805607785507115 3.6522215845049315 4.608687800003944 4.359119289437298 4.388806068843844 4.100611826376624 5.314758956531638 4.341307323223209 4.624210859820179 3.822509742693239 5.194973909013647 3.237787176864357 4.855438396655893 3.9552547429702165 3.947670124924688 6.09441445850043 5.004621818741141 4.589462896379617
5.002506989930646 6.0685350274543355 3.996874337754246 4.42516831096483 3.746261632552834 3.627864700632569 3.548017688398038 4.202890115916156 3.699862128479334 5.229825719536282 0.0 4.117372491829828 5.805237653809053 5.137952860461282 4.8635465544329675 5.152877870914614 2.9894112750831647 3.7245405088917196 4.105524768497982 4.168854232735116 4.399687262773813 4.257119474350251 4.388896239143797 4.190846090383038 3.820369041396154 5.937144536486949 4.524810099895103 3.5064356887407766 5.243680387144988 3.437956606424042 4.450462687546643 3.6684764719841105 4.598908886004632 3.2676247357136248 5.597512200880395 4.536479242303512 3.9026288273228844 3.9770882662783085 5.351498305742806 5.243486934517609 3.7597170023569957 3.4053333155330443 2.9538489410479114
3.983875623494632 5.222345254525235 5.130571571714087 3.228366904832373 5.897552665951691 4.780282869286574 4.967533506356633 3.600825654644175 4.776690920478116 5.090007034539575 4.117372491829828 0.0 5.1230113406606845 5.937430992298808 4.395218976524931 5.521043582016532 5.498802413027923 4.963646118113657 5.287875511498296 3.8144973351033227 5.298293433118985 4.799256806445128 5.279377600897094 4.529483812360497 4.2008257739093775 5.254912414114756 4.140629934276801 3.931401364375107 4.06951395938902 4.419999327367179 5.886972291740978 4.556030698480349 4.755978595811524 4.382402419131377 4.885844390934919 6.566995555340266 4.134325261753041 6.170715127992248 5.172297886003723 4.47425651971264 4.667125488850128 5.1923240721464765 4.2082929891316665
4.788318254464672 5.940886875420921 4.169715831909475 5.9788450254143095 5.387010628170526 4.17643324331659 5.083506123218557 5.092771051648873 5.507862358634079 3.614581525455144 5.805237653809053 5.1230113406606845 0.0 3.573905147767506 4.5563086677708755 3.498045626709926 5.606006811230992 5.8433296820288705 4.209774608475891 5.374209177634023 5.226749282686599 5.280442896465916 5.616713088341158 3.6683749117375752 4.970667949695169 4.218728051398584 4.155447339931925 5.787857643637127 3.720264175730931 5.064380801820743 4.810093553677981 5.1978669116458125 5.940465089838996 5.13756925984523 4.30917721570938 5.688451821826901 4.089767842013264 5.852508834367564 3.5936540031807933 5.14281733386704 5.708746743858098 6.418206192182899 4.111860831825903
5.0936712650808404 6.406750548194768 4.283651696109989 5.495783533486752 3.959952780946748 3.4445521349850625 5.262001298358821 5.118410949519514 4.899931171592332 4.0197563778508485 5.137952860461281 5.937430992298808 3.573905147767506 0.0 5.263148965102163 3.7564209905690977 3.945387265232015 4.708875394103831 4.13682566475683 5.6434741281584895 4.877517425584712 5.600452137118667 5.336167930423181 3.2244956167533423 4.42002577225811 5.360336942557575 3.451628477433973 5.482767989709385 5.3218821411374675 5.45135619878463 3.814979222905873 5.450314068755951 5.615836273758231 4.976159834447439 4.408444855304871 5.177814982964425 4.492955530187238 4.428938311722156 4.520852375938077 5.873999468470278 6.001606090363662 5.985404239238387 4.415166639347993
3.501381194929357 5.379474425104762 4.744602062336016 5.011919747300173 5.392850651111204 3.424628424194464 5.671478707102466 5.293597180439455 4.340392750638047 4.1261293868560625 4.8635465544329675 4.395218976524931 4.5563086677708755 5.263148965102163 0.0 5.550995608779048 5.403328603185639 5.98935011157298 4.470100531855846 5.082099332869084 5.554965121184339 5.122417766989583 5.254986098850365 4.00307220762512 4.433873927797242 4.538803249810916 4.748949740423002 3.803744916258071 3.7547558323665067 4.0544175235676105 5.618559133337291 5.017064788788644 5.3200567786598025 3.906714417757171 5.30342064900117 5.617620962494207 3.5911287636385203 4.5637128873681085 5.020862799957409 3.5292970708530538 4.704797483704594 5.401725109296974 3.894035986102332
4.576544514910974 5.348194184923203 3.6419049128628447 6.203607355423223 4.604186655119943 4.128734656398972 4.518072848881037 5.414394142704228 5.08597435484131 4.465821145692433 5.152877870914614 5.521043582016532 3.498045626709926 3.7564209905690977 5.550995608779048 0.0 4.848930547580128 4.07262365727643 4.36086852110626 4.254335391192852 4.66371464729294 5.255052323470361 5.773372055757524 3.07986603900445 4.43534654311463 4.144086447404373 4.497286907630853 5.964231681504131 4.200160315747196 4.614806000146348 4.091931269098869 3.9733328185772416 5.457923364464855 3.9021089764544756 5.746815202294088 3.649930302575597 4.410772810603493 5.700407207939489 4.033481089843946 5.0718473663259 5.432968463328074 5.133100047167838 4.625856117428448
4.755906338067033 6.662444863608514 3.6863971465354286 4.259174520786933 4.302117322133189 3.8627097322098916 4.479226936532813 4.42277119949932 3.981449966697286 4.271822512657204 2.9894112750831647 5.498802413027923 5.606006811230992 3.945387265232015 5.403328603185639 4.848930547580128 0.0 3.891889450115365 3.533191316158133 4.4764048212632765 4.722748286308563 4.509605503170565 4.799636262049372 4.470785654827564 3.71990805185847 5.675664463179177 3.9076175916086715 4.019585803837464 5.993873225997597 4.296551660636569 3.533820168888348 5.044307939365847 4.471246163101415 3.7802330092763072 5.3868114311748645 3.965745097570841 3.7866151693176313 3.3027375300865676 5.5479072337030395 5.943007261302772 5.455749286861888 3.842648633469883 3.673434225919843
4.3233591713255946 4.821169377278836 5.4613938160310695 4.933394478530009 3.672429436843926 4.378746511747543 5.413958781665975 5.794930250440439 4.176921468618759 5.9639883060712 3.7245405088917196 4.963646118113657 5.8433296820288705 4.708875394103831 5.98935011157298 4.07262365727643 3.891889450115365 0.0 5.141364533807236 4.211864490720311 4.30310620010808 4.889788697389817 5.757737668985583 4.2654537339351934 4.446955770485325 5.459607492988549 3.857231212633913 4.424995594817881 5.30117314182213 5.49307730416504 4.861230107791757 3.858010457368313 4.443589694401332 3.44711947687326 6.570569272490088 4.172713623510326 5.031381173097063 5.542963539591932 6.14692587207684 5.988445867566911 4.0648786324074395 3.7426408041424315 4.02320729263852
4.995590376071658 5.643851968317212 3.6166279849097083 5.363228550041711 4.435451916811711 3.751204267409061 3.8294362612590453 4.644719999673848 3.264364699482811 3.238596618285267 4.105524768497982 5.287875511498296 4.209774608475891 4.13682566475683 4.470100531855846 4.36086852110626 3.533191316158133 5.141364533807236 0.0 5.176528223176761 3.555941482855842 4.176222874377349 3.73839801425825 4.14695948975868 4.30157540730695 4.420808551897508 3.9247480539830746 3.984357372969762 3.938891791802663 3.7602184697958068 3.003840253533558 4.535268999615472 5.249342635267292 3.719119372040715 4.49821378774798 4.008405579829271 3.740839122869531 3.9387222524306167 3.8039040781277746 4.8729554179449766 4.814109145905017 4.569938977537829 3.854600156959939
3.7416383071681962 6.049484014480192 3.788010471610086 3.99256074103234 5.642378397549734 5.022517205223017 5.136982238190064 3.9853729716144772 5.060392626554472 5.113250250771542 4.168854232735116 3.8144973351033227 5.3742091776340235 5.6434741281584895 5.082099332869084 4.254335391192852 4.4764048212632765 4.211864490720311 5.176528223176761 0.0 5.92113274709327 5.010260893335462 6.39955687933755 4.695479669077022 4.617353299835025 5.114039147483835 5.1158372072802925 5.218027109581708 5.365374233325668 4.015037144949817 5.549204172996288 4.616364626615703 4.883407754226373 3.69434189500274 6.7537675728572895 4.574061306313376 3.813663668610609 5.417440708768366 6.0235778681152485 5.285307400428334 5.4577777854980365 4.404590115978818 4.068705457021036
5.594710079170804 3.9004277628309345 5.60034305290797 5.774025795180119 3.8952567991892804 3.594590440937285 3.865568277354421 5.537020616231409 3.7571071941995653 4.653827988287001 4.399687262773813 5.298293433118985 5.226749282686599 4.877517425584712 5.554965121184339 4.66371464729294 4.722748286308563 4.30310620010808 3.555941482855842 5.92113274709327 0.0 3.7181251587186135 3.3053828412871393 4.311117807065138 4.904145659205782 4.2231203214286275 4.059616239306871 3.8556802465186535 3.827515967634032 4.841438392157949 3.324132979187196 4.366289860634806 5.148902310167201 3.663684548350196 5.066040546187362 4.43646035103963 5.619637744721474 5.09370166908736 4.271421922435337 5.303702993379033 3.7898078686392336 3.947919275221067 4.381413204152326
4.906584405131958 5.8373086526599955 5.199502988990901 5.283206271764012 5.395821905009273 4.347969010132612 4.172273422722611 5.547345992424017 3.299525559226391 3.9225516466022294 4.257119474350251 4.799256806445128 5.280442896465916 5.600452137118667 5.122417766989583 5.255052323470361 4.509605503170565 4.889788697389817 4.176222874377349 5.010260893335462 3.7181251587186135 0.0 5.373503066077393 4.448928923787139 5.174548907548029 4.415779080743593 4.24302650725791 4.095157353559651 4.769904604452018 5.134346797371605 5.189862023763047 3.964953532162254 3.645660964683198 4.430210337345086 5.765619094728989 5.017801040277515 4.0974114727278055 5.770268041306981 5.559316406220964 4.619674195452501 3.9798088587352893 3.4801990948620323 3.933724809994674
6.098490710241891 4.906921447354317 5.1619650995392785 5.474739080772789 4.620748068577924 3.7547889192391932 4.323265390682425 4.471682440375908 5.098105313303229 4.940124108530917 4.388896239143797 5.279377600897094 5.616713088341158 5.336167930423181 5.254986098850365 5.773372055757524 4.799636262049372 5.757737668985584 3.73839801425825 6.39955687933755 3.3053828412871393 5.373503066077393 0.0 5.25174665824452 3.9982983253630007 5.57961593065312 4.913970588605643 3.7138131441420477 4.298131813182511 3.7355639721050937 2.7384861010537485 5.892286505447957 6.6344230290938695 3.913182293593096 3.9604590664098636 5.308690449093681 5.891502772766478 4.130007633359164 3.3842183399855164 6.042633462420804 5.135519741352235 5.47735341499145 4.7636364816342445
4.047969911487825 5.471827869854817 3.8271819545595536 5.372300685079879 4.173335839140317 2.6446505562846547 3.8842437194752755 5.042749840734597 3.7989099145643994 3.674591988022778 4.190846090383038 4.529483812360497 3.6683749117375752 3.2244956167533423 4.00307220762512 3.07986603900445 4.470785654827564 4.2654537339351934 4.14695948975868 4.695479669077021 4.311117807065138 4.448928923787139 5.25174665824452 0.0 3.8408133690267046 4.200779195262433 3.5615858436480794 4.772401478249209 3.8917524517421844 4.354359977190895 4.51590136306408 3.131667480406772 4.14702046116269 3.9239842118863213 4.589254799983581 4.804248290951314 3.3212697888265543 5.030989896508065 3.977358568774709 3.1932092534170673 4.608416731920307 4.615734593565806 4.135221137517999
3.8567390067597667 5.4402537545066965 3.7461689620202048 4.242695282918002 4.939237419323193 3.7106350450823338 4.793210973522174 4.107825460577004 4.510605380565141 4.2871484544947265 3.820369041396154 4.2008257739093775 4.970667949695169 4.42002577225811 4.433873927797242 4.43534654311463 3.71990805185847 4.446955770485325 4.30157540730695 4.617353299835025 4.904145659205782 5.174548907548029 3.9982983253630007 3.8408133690267046 0.0 5.314678743013581 3.7217427428474075 3.7500492672865975 4.33937807575277 3.603030510762948 3.7324836603153253 4.747249871885273 5.110779590452888 3.3197641371861004 4.003895713335236 4.865636000634949 3.8037226306148684 4.54551746589492 3.7810863250132547 4.851424576485579 5.301032892779555 5.074899605367113 4.396155844345676
3.753663992118241 4.189233198781807 5.319577628667938 5.595323458397783 6.225275592004565 4.208205599685348 4.964503671074049 5.81173697651849 4.976511335218008 3.3805607785507115 5.937144536486949 5.254912414114756 4.218728051398584 5.360336942557575 4.538803249810916 4.144086447404373 5.675664463179177 5.459607492988549 4.420808551897508 5.114039147483835 4.2231203214286275 4.415779080743593 5.57961593065312 4.200779195262433 5.314678743013581 0.0 4.308975232302223 4.799716399808978 3.5036617590049537 5.0360862656895025 4.921707882021906 5.060946621129166 4.329585425635051 4.07384762139791 5.587475888071951 4.83736575023221 4.734194872178166 6.071380177969997 4.802096447089233 3.880555675917098 5.531845815900121 4.34904805836774 4.886463712434199
3.485610407178952 5.0293554712733615 5.125948745689406 3.7916748676676626 4.944408425520386 3.8501128742283965 5.1400567876583105 4.877671919776283 3.6495287283771662 3.6522215845049315 4.524810099895103 4.140629934276801 4.155447339931925 3.451628477433973 4.748949740423002 4.497286907630853 3.9076175916086715 3.857231212633913 3.9247480539830746 5.1158372072802925 4.059616239306871 4.24302650725791 4.913970588605643 3.5615858436480794 3.7217427428474075 4.308975232302223 0.0 3.4538913430054596 4.171303582581581 5.502573281012404 4.420904581691345 4.6275985801388915 3.552101124871821 4.373089626796688 3.710462911276136 5.644463700386242 3.7804228592710714 5.476316386821531 4.776624432144406 4.7421699036150935 4.940814603498693 4.760760278709442 4.080697263338319
3.8061590771245184 4.358376137784249 5.533533604231117 3.6537967409671928 4.845340955653874 3.618071443796374 5.15632947207537 4.929627995011117 3.4158396124729933 4.608687800003944 3.5064356887407766 3.931401364375107 5.787857643637127 5.482767989709385 3.803744916258071 5.964231681504131 4.019585803837464 4.424995594817881 3.984357372969762 5.218027109581708 3.8556802465186535 4.095157353559651 3.7138131441420477 4.772401478249209 3.7500492672865975 4.799716399808978 3.4538913430054596 0.0 4.1489779779901435 4.404863499775532 4.584821632456669 4.868167080511212 4.263242340351289 3.182549274439371 4.815806696960442 5.281990230139242 4.405556899643265 4.481574304421323 5.309448371873873 4.766011713271631 3.840154383063486 3.839185331273592 3.6621775915824606
4.182766012395771 3.3484001794221605 5.121743549204499 5.751088499419271 5.193344030020447 4.004470415718789 4.8789714726976126 5.443308106263859 4.335305531423217 4.359119289437298 5.243680387144988 4.06951395938902 3.720264175730931 5.3218821411374675 3.7547558323665067 4.200160315747196 5.993873225997597 5.30117314182213 3.938891791802663 5.365374233325668 3.827515967634032 4.769904604452018 4.298131813182511 3.8917524517421844 4.33937807575277 3.5036617590049537 4.171303582581581 4.1489779779901435 0.0 4.334373083944609 4.705145768492193 4.10687483566185 5.583982532340599 3.659969621405901 4.619862396632266 5.250164567778777 4.613546382471342 5.99339888936747 3.2635806410304493 3.8002858922784366 4.020273187270901 5.385977866164323 4.4627323466329845
4.939640036735179 5.714582375223369 2.715795942419404 5.025113416962771 4.923420318186267 3.5841446892313575 3.4562144472244576 3.4033543957294423 4.959733982230043 4.388806068843844 3.437956606424042 4.419999327367179 5.064380801820743 5.45135619878463 4.0544175235676105 4.614806000146348 4.296551660636569 5.493077304165041 3.7602184697958068 4.015037144949817 4.841438392157949 5.134346797371605 3.7355639721050937 4.354359977190895 3.603030510762948 5.0360862656895025 5.502573281012404 4.404863499775532 4.334373083944609 0.0 3.746576089044385 4.775572394241174 5.936977048869629 2.8707619046347848 5.218870910442767 4.1114156921981495 4.130575443244189 3.619977046904458 3.7671674228212293 4.724301128038731 5.134258863360842 4.624627958054091 3.959834886664544
5.611867583481351 5.30890425579908 3.930260431291373 5.494189158928163 4.0989679574212845 3.500169901266163 4.025752059383714 4.363882702209491 4.929072373879066 4.100611826376624 4.450462687546643 5.886972291740978 4.810093553677981 3.814979222905873 5.618559133337291 4.091931269098869 3.533820168888348 4.861230107791757 3.003840253533558 5.549204172996289 3.324132979187196 5.189862023763047 2.7384861010537485 4.51590136306408 3.7324836603153253 4.921707882021906 4.420904581691345 4.584821632456669 4.705145768492193 3.746576089044385 0.0 5.580902627867958 6.142853213729274 3.5490798436448503 4.372591425229439 3.70956804251539 5.2772198566726125 3.540911425090587 3.2831648974863445 6.099356541409518 5.6746992642131024 5.008856868524411 4.545316418480614
4.792970811179888 5.557763155991658 4.72737146193677 6.186920616965267 4.442736013836972 4.367584739598312 3.9924339219310028 6.068357978260754 3.1216233151412833 5.314758956531638 3.6684764719841105 4.556030698480349 5.197866911645813 5.450314068755951 5.017064788788644 3.9733328185772416 5.044307939365847 3.858010457368313 4.535268999615472 4.616364626615703 4.366289860634806 3.964953532162254 5.892286505447957 3.131667480406772 4.747249871885273 5.060946621129166 4.6275985801388915 4.8681670805112125 4.10687483566185 4.775572394241174 5.580902627867958 0.0 4.244098335442671 3.918495376022309 6.319440534646626 4.658499865312259 3.8322548429960874 6.180387907612165 5.256478309249119 3.786277149425583 3.1159055773974247 3.8689461947416945 4.194479941743601
3.7285420187656038 6.2231139814087095 5.701078967482962 4.518397466020106 6.336730874327065 4.772532644443069 5.0417253164882245 5.960476983205664 3.9063171345093863 4.341307323223209 4.598908886004632 4.755978595811524 5.940465089838996 5.615836273758231 5.3200567786598025 5.457923364464855 4.471246163101415 4.443589694401332 5.249342635267292 4.883407754226373 5.148902310167201 3.645660964683198 6.6344230290938695 4.14702046116269 5.110779590452888 4.329585425635051 3.552101124871821 4.263242340351289 5.583982532340599 5.936977048869629 6.142853213729274 4.244098335442671 0.0 4.8677933615517786 6.025911681723964 5.872207074150064 3.733275683442525 6.426317176631866 6.605371926870941 3.985465429973204 5.33089631656601 3.1819647448777353 4.811669647766753
3.573971246250982 3.7458739805309276 4.037249386404739 4.641274014739859 3.8050553224342942 3.0375966134801464 4.371473012303608 4.687503245316592 3.83379136214117 4.624210859820179 3.2676247357136248 4.382402419131377 5.13756925984523 4.976159834447439 3.906714417757171 3.9021089764544756 3.7802330092763072 3.44711947687326 3.719119372040715 3.69434189500274 3.663684548350196 4.430210337345086 3.913182293593096 3.9239842118863213 3.3197641371861004 4.07384762139791 4.373089626796688 3.182549274439371 3.659969621405901 2.8707619046347848 3.5490798436448503 3.918495376022309 4.8677933615517786 0.0 5.722695242687499 2.7826558160309016 4.2521016769589055 3.8088643008780885 4.500898593233829 4.580582218612664 3.718693115977006 3.2423008045322206 3.3532750762456836
5.66314196781472 6.385343006821069 5.178730991804577 5.075634010990253 6.227815983751132 4.41848434256712 4.991789493936904 4.314002589578237 5.696983697874732 3.822509742693239 5.597512200880395 4.885844390934919 4.30917721570938 4.408444855304871 5.30342064900117 5.746815202294088 5.3868114311748645 6.570569272490088 4.49821378774798 6.7537675728572895 5.066040546187362 5.765619094728989 3.9604590664098636 4.589254799983581 4.003895713335236 5.587475888071951 3.710462911276136 4.815806696960442 4.619862396632266 5.218870910442767 4.372591425229439 6.319440534646626 6.025911681723964 5.722695242687499 0.0 7.13231697773201 5.009665137899798 5.785662948332628 3.2253378444728136 5.482841285726605 6.613614825097886 6.790942107739778 5.498294063417353
5.148564182432377 5.4643880919161365 4.148412993652149 6.485914571386641 4.184107445208671 4.234790927970922 4.916828118328067 6.064775322699275 4.682737191493084 5.194973909013646 4.536479242303512 6.566995555340266 5.688451821826901 5.177814982964425 5.617620962494207 3.649930302575597 3.965745097570841 4.172713623510326 4.008405579829271 4.574061306313376 4.43646035103963 5.017801040277515 5.308690449093681 4.804248290951314 4.865636000634949 4.83736575023221 5.644463700386242 5.281990230139242 5.250164567778778 4.1114156921981495 3.70956804251539 4.658499865312259 5.872207074150064 2.7826558160309016 7.1323169777320095 0.0 5.106644778353209 4.2706061244459725 5.405555413466503 5.968101804222919 5.0132108935287425 3.893783639365204 4.396567505178459
3.372126397164898 6.681209754357417 3.0892263370229562 4.503026426877457 5.5594993639409855 4.1344576211787905 4.513834694748822 4.569586403216962 3.6152931076188457 3.237787176864357 3.9026288273228844 4.134325261753041 4.089767842013264 4.492955530187238 3.5911287636385203 4.410772810603493 3.7866151693176313 5.031381173097063 3.740839122869531 3.813663668610609 5.619637744721474 4.097411472727805 5.891502772766478 3.3212697888265543 3.8037226306148684 4.734194872178166 3.7804228592710714 4.4055568996432655 4.613546382471342 4.130575443244188 5.2772198566726125 3.8322548429960874 3.733275683442525 4.2521016769589055 5.009665137899798 5.106644778353209 0.0 5.062792160786839 5.018136318236494 3.5904079062964214 5.131151004348493 4.610481581206643 3.6416492379151513
5.656633981311083 6.551522360909681 4.096459535635893 5.2241638602143246 3.934329132822841 3.323981563973959 5.098618741760534 4.59629736012089 4.9935292154204625 4.855438396655893 3.9770882662783085 6.170715127992247 5.852508834367564 4.428938311722156 4.5637128873681085 5.700407207939489 3.3027375300865676 5.542963539591932 3.9387222524306167 5.417440708768366 5.09370166908736 5.770268041306981 4.130007633359164 5.030989896508065 4.54551746589492 6.071380177969997 5.476316386821531 4.481574304421323 5.99339888936747 3.619977046904458 3.540911425090587 6.180387907612165 6.426317176631866 3.8088643008780885 5.785662948332628 4.2706061244459725 5.062792160786839 0.0 5.372203697698526 6.315249588724747 5.750666584846442 5.131619795658738 3.9959146866531285
5.679569304800519 5.413662378500341 3.995296038039051 6.211931454434293 5.314721495134711 3.9200252440970025 4.002365545464895 4.533807939721384 5.490795265205379 3.9552547429702165 5.351498305742806 5.172297886003723 3.5936540031807933 4.520852375938077 5.020862799957409 4.033481089843946 5.5479072337030395 6.14692587207684 3.8039040781277746 6.0235778681152485 4.271421922435337 5.559316406220964 3.3842183399855164 3.977358568774709 3.7810863250132547 4.802096447089233 4.776624432144406 5.309448371873873 3.2635806410304493 3.7671674228212293 3.2831648974863445 5.25647830924912 6.605371926870941 4.500898593233829 3.2253378444728136 5.405555413466503 5.018136318236494 5.372203697698526 0.0 5.014061777541847 5.798128373903339 6.300135827860934 5.161447075745313
3.9867126884605777 5.699954271353241 5.029167914295465 5.754861358286577 6.402405426564368 4.254382840570082 4.6760067654055035 5.874711538136418 4.079160879394743 3.947670124924688 5.243486934517609 4.47425651971264 5.14281733386704 5.873999468470278 3.5292970708530538 5.0718473663259 5.943007261302772 5.988445867566911 4.8729554179449766 5.285307400428334 5.303702993379033 4.619674195452501 6.042633462420804 3.1932092534170673 4.851424576485579 3.880555675917098 4.7421699036150935 4.766011713271631 3.8002858922784366 4.724301128038731 6.099356541409518 3.786277149425583 3.985465429973204 4.580582218612664 5.482841285726605 5.968101804222919 3.5904079062964214 6.315249588724747 5.014061777541847 0.0 5.201177326356332 4.764109177122344 5.373722900713443
5.212960656290994 4.521606023213956 6.000510771848554 6.1078412234432 3.6380065354477926 4.237027915281043 5.1372495335151385 6.4141867198486056 3.398088792451838 6.09441445850043 3.7597170023569957 4.667125488850128 5.708746743858097 6.001606090363662 4.704797483704594 5.4329684633280735 5.455749286861887 4.0648786324074395 4.814109145905017 5.4577777854980365 3.7898078686392336 3.9798088587352893 5.135519741352235 4.608416731920307 5.301032892779555 5.531845815900121 4.940814603498694 3.840154383063486 4.020273187270901 5.134258863360842 5.6746992642131024 3.1159055773974247 5.33089631656601 3.718693115977006 6.613614825097886 5.0132108935287425 5.131151004348493 5.750666584846442 5.798128373903339 5.201177326356332 0.0 4.2288532935239775 3.3879933980676196
4.571643840250573 5.350926766583452 5.213400286727435 5.080458598521988 5.058131380986072 4.200871726228761 4.080947499544244 5.725638717891571 3.707953792752975 5.004621818741141 3.4053333155330443 5.1923240721464765 6.418206192182899 5.985404239238387 5.401725109296974 5.133100047167838 3.842648633469883 3.7426408041424315 4.569938977537829 4.404590115978818 3.947919275221067 3.4801990948620323 5.47735341499145 4.615734593565806 5.074899605367113 4.34904805836774 4.760760278709442 3.839185331273592 5.385977866164323 4.624627958054091 5.008856868524411 3.8689461947416945 3.1819647448777353 3.2423008045322206 6.790942107739778 3.893783639365204 4.610481581206643 5.131619795658738 6.3001358278609345 4.764109177122344 4.2288532935239775 0.0 4.072387273528016
4.271332251350264 5.451154117724143 4.12164132646483 4.536353869128827 3.576004801959086 3.2978465505061085 4.444081659149979 4.540169488661143 4.0317116875623435 4.589462896379617 2.9538489410479114 4.2082929891316665 4.111860831825903 4.415166639347993 3.894035986102332 4.625856117428448 3.673434225919843 4.02320729263852 3.854600156959939 4.068705457021036 4.381413204152326 3.933724809994674 4.7636364816342445 4.135221137517999 4.396155844345676 4.886463712434199 4.080697263338319 3.6621775915824606 4.4627323466329845 3.959834886664544 4.545316418480614 4.194479941743601 4.811669647766753 3.3532750762456836 5.498294063417353 4.396567505178459 3.6416492379151513 3.9959146866531285 5.161447075745313 5.373722900713442 3.3879933980676196 4.072387273528016 0.0
