0.0 3.0384677735891548 4.415650383071047 3.876755665425755 3.94779382057438 4.575917614456197 3.7102989832050195 4.514582838780794 4.62815148548345 4.1015375864211245 3.87332483923843 4.812367566886426 3.9200134850153776 4.2212565904775055 4.333765171244333 3.6681890520453937 4.137831286556417 4.393665011113253 4.2784528990181 3.653232663569446 3.9926703462525275 3.7962934381212246 4.700550517060573 5.0350321733353995 3.7858175835132424 3.9420229289828845 3.686793617970133 4.2322577283170055 4.2281627621244215 3.8854408408006536 4.26081860912291 3.7173989334625124 4.241887839238077 4.282550428707144 4.122893572572815
3.0384677735891548 0.0 4.274884202086257 5.570507476080181 5.080465736514557 6.027426339072387 4.8174765362275345 5.876595264067491 5.54289090136168 6.215784893014558 5.493153637792479 5.271873685266747 5.466865387190484 5.4061278507547925 5.066669072806403 4.654691498955276 5.5633713920333046 5.434155225607765 5.65147071254383 3.883205954280007 5.026504136148848 3.746852870970497 5.237298971192583 5.702736317656915 4.771070959644884 5.145930794555484 4.910463488128259 5.221970504140519 5.108629253615128 3.707585721784521 4.37369188246785 5.137703811931099 5.330047217900042 4.044507157900544 6.240046592758169
4.415650383071047 4.274884202086257 0.0 6.5515327534268515 5.9814284325710965 6.967111786143077 5.6988537209788195 6.204938501144395 3.9520510119366943 6.609587233889763 6.771360271323632 5.841993673295183 6.196918853070199 7.203323875294193 4.534198107158062 6.410273810886191 7.1274423230344235 4.538174678137324 7.139907120583059 5.540461821029663 7.117612377508844 5.260911484387556 7.0140813276953455 7.209200620335172 6.467779341460227 7.224955509448555 5.508474484472211 4.04405040083737 6.155196963527847 4.371756502087353 6.016007681769343 5.329671535988726 5.371199800791119 4.063116815273499 6.39923423413189
3.8767556654257547 5.570507476080181 6.551532753426852 0.0 5.541363279577007 6.563366602018852 4.1871615153096435 4.995654233875162 6.386538743294267 4.672606985696578 5.488945928003614 6.707774895993009 5.934220579026272 5.943065423831921 6.132855723542859 4.865067060774617 5.851321552069386 6.016856585779207 5.411872059162853 4.786791387522476 6.2334634050839925 5.811007543155667 7.0308727003509714 5.592785508742331 5.348676969070713 5.878332706309324 4.851427926194343 6.343277692093853 5.287897945636585 6.502632218839512 5.783609333181981 4.709710990875604 6.663962502729682 6.906773869362462 5.460269752080891
3.94779382057438 5.080465736514557 5.9814284325710965 5.541363279577007 0.0 4.806308286010259 4.873762966517711 5.894411603336676 6.28765733237593 5.753899775904891 5.345310415149763 6.030418090323974 5.996039644507037 5.761760684690967 5.588577515579852 5.21650284698875 5.5435969222955945 6.109672312620517 6.421184533325161 5.176032782957683 4.549444055127452 5.879628099943213 6.346827460962593 5.705039356993561 5.73986503328816 5.327468183959597 5.215684634958543 5.346114691986372 4.405422348985677 5.284605639020274 4.922796721550888 5.810128624130395 6.584635066024823 6.1640381942730915 5.96783832286119
4.575917614456197 6.027426339072387 6.967111786143077 6.563366602018852 4.806308286010259 0.0 6.038175795413268 6.696703833926315 6.775628021697172 5.699865309597189 4.779732926547029 6.028222687330694 5.484543689464631 5.849892292312965 6.764380643210915 5.8278292426279865 5.702017084668794 6.9081280813218955 5.283288161712481 5.518765944222575 4.8268326208413255 6.075074543866603 5.447008342116624 7.695437665636056 6.0635796562986215 5.572698553129018 6.474548666776843 6.506044439560614 6.364615790662834 5.379783175120924 7.058122128427683 6.600546721362521 6.437771526778455 6.495006732900459 6.916950220648565
3.71029898320502 4.8174765362275345 5.69885372097882 4.1871615153096435 4.873762966517711 6.038175795413268 0.0 4.873631148279895 6.003495900847185 5.062491913802198 5.282749727771481 6.273789048823589 5.508004426749385 4.954113264576907 5.75082858309072 4.98365964244167 5.977996559781725 5.617496536682535 5.711410492317883 5.0943898156840435 5.681826962114871 5.3619543233111795 7.266287947005346 5.731240982248863 4.431986768897568 5.560023364848005 4.733564165868165 5.8514771992392225 5.205449949229755 5.528970433555483 4.866119310985164 5.315921054181972 6.817781942774009 6.165246577329903 5.674053543385979
4.514582838780794 5.876595264067491 6.204938501144395 4.995654233875162 5.894411603336676 6.696703833926315 4.873631148279895 0.0 5.366345956160276 5.551921556638753 6.748925494974169 5.587500230637333 6.552715492345566 6.63528723139907 5.292238691222855 5.405062861143761 7.378043052748686 4.995917311667752 4.924369638701287 6.544247085939582 6.826012478867346 7.361301660863803 7.105319532611986 6.753395693474675 5.970756600712319 6.916751394701702 5.501739192673793 6.314685755763435 5.770208849982514 6.858129296729562 6.19158768810675 5.517287256279178 5.93784021314657 6.361037974160644 4.752605954541775
4.62815148548345 5.54289090136168 3.9520510119366943 6.386538743294267 6.28765733237593 6.775628021697172 6.003495900847185 5.366345956160276 0.0 6.310031484931571 6.577646616221882 4.104763032774389 6.0109939559618 7.279375286182192 3.8940526683516308 6.139162311267859 6.993062236311276 3.5685132363101086 6.8580565931040525 6.26168218841242 7.235679488468981 6.082255705201412 6.428333974217538 7.265400189753809 6.34774492100983 7.375262397337865 5.974012739838481 4.153687202022196 6.346293342741317 5.370925036601373 6.601527742677812 6.326301190097931 4.032188087423607 5.304915440146592 5.715719107901165
4.1015375864211245 6.215784893014557 6.609587233889763 4.672606985696578 5.753899775904891 5.699865309597189 5.062491913802198 5.551921556638753 6.310031484931571 0.0 4.917728383953854 7.157978841291023 3.9890846420565156 5.835254201110183 6.068469127110649 5.273972644052831 5.815299475137783 6.168886867925337 5.369254387975467 6.105198778129042 5.230238683503092 6.457659658971932 6.204288917174742 7.447208896817832 5.594755741807358 6.238318236646718 5.795521500680091 6.612639856506259 6.855891951458523 5.9148687475974935 7.194182156716921 5.247504895510712 6.384931554119469 7.22296447893696 5.94094399850918
3.87332483923843 5.493153637792479 6.771360271323632 5.488945928003614 5.345310415149763 4.779732926547029 5.282749727771481 6.748925494974169 6.577646616221882 4.917728383953854 0.0 6.203968010747248 4.51374630930372 4.450751032563537 6.13574804751005 5.384783107095707 3.033918824423627 6.206482812476264 6.1267213190414544 4.345975937288584 5.2839492687336955 4.074997561044432 5.470922131101885 5.576834849264787 4.889095190281772 4.247548521890225 5.3356045000328525 5.640564337184666 6.142887146828772 5.7802744756822175 6.71377570194187 6.1487567838619945 6.38566533790448 6.2907413134927275 6.3880880593669325
4.812367566886426 5.271873685266747 5.841993673295183 6.707774895993009 6.030418090323974 6.028222687330694 6.273789048823589 5.587500230637333 4.104763032774389 7.157978841291023 6.203968010747249 0.0 5.979198202282478 6.470676899630518 4.502440687036022 5.851009010124668 6.453185133346343 4.600893173729081 6.227715426139802 5.476995376728622 6.408146929224109 6.083706669641249 5.666746096203714 6.801463697264231 6.608631604320733 6.551312766101691 6.184501917395767 5.079602739026805 6.204598729086183 5.9853241329026945 6.979119545590887 7.265489570771565 4.5364921696636 5.889899532433959 6.249139635890466
3.9200134850153776 5.466865387190485 6.196918853070199 5.934220579026272 5.996039644507037 5.484543689464631 5.508004426749385 6.552715492345566 6.0109939559618 3.9890846420565156 4.51374630930372 5.979198202282478 0.0 5.224775919620572 5.832312356323218 5.229367121784062 4.923312550860575 5.634923949307749 5.753558223184817 5.543055290234521 4.807592433569956 5.305554128343892 4.940531309943115 7.4269059525288155 5.575321746865193 5.407439634466808 5.356406072629291 5.945120796050113 6.751479430062377 5.017933856518429 7.140441623996439 5.8733341078597014 5.2250359472018095 6.672245852583872 6.072449533845207
4.2212565904775055 5.4061278507547925 7.203323875294194 5.943065423831921 5.761760684690967 5.849892292312965 4.954113264576907 6.63528723139907 7.279375286182192 5.835254201110183 4.450751032563537 6.470676899630518 5.224775919620572 0.0 6.374418687409254 5.656562413073817 5.0136465681132325 6.015397448354132 6.2755634820402095 5.095671850844263 4.859948353726492 5.087060084994143 6.290972825049336 5.6126930214716 4.774543315208479 3.663298418883826 5.62575083558736 6.43528973637843 5.522952706450377 6.236759147659932 5.915369608251724 6.03949331164596 6.390882023694819 6.3769513706401835 5.622039202044582
4.333765171244333 5.066669072806403 4.534198107158062 6.132855723542859 5.588577515579851 6.764380643210915 5.75082858309072 5.292238691222855 3.8940526683516308 6.068469127110649 6.13574804751005 4.502440687036022 5.832312356323218 6.374418687409254 0.0 4.771910585952024 6.560136311476738 4.200379359502745 7.208084933797612 5.292537546816323 6.798372941493007 5.9118959374687 6.944517797806606 7.115853678336676 6.324594919999287 6.764099806177659 6.246841639677554 4.526730926137089 6.567451014579009 5.68762108126704 6.492572462978922 5.92282645860895 4.133910027845261 4.812891245223331 5.547590719284829
3.6681890520453937 4.654691498955276 6.410273810886191 4.865067060774617 5.21650284698875 5.8278292426279865 4.98365964244167 5.405062861143761 6.139162311267859 5.273972644052831 5.384783107095707 5.851009010124668 5.229367121784062 5.656562413073817 4.771910585952024 0.0 5.610757904682303 5.6519089853366475 5.39318744695932 4.899534265287504 4.811182479062859 5.466821590889762 5.97660242125959 7.1217157740651125 5.223177686878 5.8972185618506625 5.842020785854654 6.589877774223887 6.065222024926463 6.110048404922437 5.879678638621061 6.081686121116188 5.382464506258126 6.149132586999573 5.8595557534779825
4.137831286556416 5.5633713920333046 7.1274423230344235 5.851321552069386 5.5435969222955945 5.702017084668794 5.977996559781725 7.378043052748686 6.993062236311276 5.815299475137783 3.033918824423627 6.453185133346343 4.923312550860575 5.0136465681132325 6.560136311476738 5.610757904682303 0.0 6.093153494662275 6.513384531660355 5.113826317414056 5.242409814855678 4.6652194618494764 5.628326147334152 5.5744269910963835 5.620683117615738 4.276527177237922 5.3036194196171875 5.455912082388367 5.953374650347361 6.213767151068275 6.655016808079504 6.2016456791520005 6.201355431941197 6.646689791549256 6.574865869289409
4.393665011113253 5.434155225607765 4.538174678137324 6.016856585779207 6.109672312620517 6.9081280813218955 5.617496536682535 4.995917311667752 3.5685132363101086 6.168886867925337 6.206482812476264 4.600893173729081 5.634923949307749 6.015397448354132 4.200379359502745 5.651908985336648 6.093153494662275 0.0 6.661018935772041 6.150020083017227 6.567753037304241 6.158769800918435 6.425485651408065 6.873726051644555 6.216481297688493 6.654714784403641 5.485613276031467 4.282228002787929 5.915427338028278 5.855325154023629 6.6069163993118565 6.125726694544976 4.305489536815097 5.246076912217401 5.59351940091561
4.2784528990181 5.65147071254383 7.139907120583059 5.411872059162853 6.421184533325161 5.283288161712481 5.711410492317883 4.924369638701287 6.8580565931040525 5.369254387975467 6.1267213190414544 6.227715426139802 5.753558223184817 6.2755634820402095 7.208084933797612 5.39318744695932 6.513384531660355 6.661018935772041 0.0 6.330700036016735 5.042194965728515 6.726258629994762 5.006227275244929 7.495333509360946 5.5834908593256145 6.461337947022385 6.056223438297542 7.253436463268002 6.2899344040542475 6.362298229162934 6.680950513565145 5.5904805243739855 6.295548974252347 6.953485428038621 5.688184375728536
3.653232663569446 3.883205954280007 5.540461821029663 4.786791387522476 5.176032782957683 5.518765944222575 5.0943898156840435 6.544247085939582 6.26168218841242 6.105198778129042 4.345975937288584 5.476995376728622 5.543055290234521 5.095671850844263 5.292537546816323 4.899534265287504 5.113826317414056 6.150020083017227 6.330700036016735 0.0 5.609746066183595 3.1412403320155486 6.17701876274366 5.657454303695057 5.090138179355035 4.7667217872115515 4.385323552090248 5.7313685040141715 5.075668754888633 5.215016966397677 5.717636071216606 5.75710908541619 6.3137165234061365 5.024168549865489 6.543564121959274
3.9926703462525275 5.026504136148848 7.117612377508844 6.2334634050839925 4.549444055127452 4.8268326208413255 5.681826962114871 6.826012478867346 7.235679488468981 5.230238683503092 5.2839492687336955 6.408146929224109 4.807592433569956 4.859948353726492 6.798372941493007 4.811182479062859 5.242409814855678 6.567753037304242 5.042194965728515 5.609746066183595 0.0 5.776784717536907 4.443637928979708 7.048855397990263 5.5490960636583 4.583569053948737 5.645214123609151 6.861805635260526 5.769783981601031 5.253130337720204 6.049118387109526 6.367195671017915 6.045678220906121 6.705593508056194 6.453787656760015
3.796293438121224 3.746852870970497 5.260911484387556 5.811007543155667 5.879628099943213 6.075074543866603 5.3619543233111795 7.361301660863803 6.082255705201412 6.457659658971932 4.074997561044432 6.083706669641249 5.305554128343892 5.087060084994143 5.9118959374686995 5.466821590889762 4.6652194618494764 6.158769800918435 6.726258629994763 3.1412403320155486 5.776784717536907 0.0 5.9512505830102445 5.4255825195929885 4.63692418351379 5.0109613044382 4.972984400977109 5.350636250231435 5.633079762229516 4.882040415720558 5.380288062590499 5.886556232495607 6.067976979138531 4.8642131807801 6.5073061638125855
4.700550517060572 5.237298971192583 7.0140813276953455 7.030872700350971 6.346827460962593 5.447008342116624 7.266287947005346 7.105319532611986 6.428333974217538 6.204288917174742 5.470922131101885 5.666746096203714 4.940531309943115 6.290972825049336 6.944517797806606 5.97660242125959 5.628326147334152 6.425485651408065 5.006227275244929 6.17701876274366 4.443637928979708 5.9512505830102445 0.0 7.620433242397665 6.3130136692107675 5.461518819807452 6.658781237255947 6.956842342009584 7.216776140450315 5.602664817486839 7.410841219554352 6.483428614291751 5.501955532568311 6.743060869564729 7.153555902599462
5.0350321733353995 5.702736317656915 7.209200620335172 5.592785508742331 5.705039356993561 7.695437665636056 5.731240982248863 6.753395693474675 7.265400189753809 7.447208896817832 5.576834849264787 6.801463697264231 7.4269059525288155 5.6126930214716 7.115853678336676 7.1217157740651125 5.5744269910963835 6.873726051644556 7.495333509360946 5.657454303695057 7.048855397990263 5.4255825195929885 7.620433242397665 0.0 5.375830827815102 5.2243155330640745 5.470909672463515 5.899334072542058 4.375246760117952 7.006269172721956 5.092441601779376 6.075150285601857 7.409690783364168 6.709187511938982 6.144971800211006
3.7858175835132424 4.771070959644884 6.467779341460227 5.348676969070713 5.73986503328816 6.0635796562986215 4.431986768897568 5.970756600712319 6.34774492100983 5.594755741807358 4.889095190281772 6.608631604320733 5.575321746865193 4.774543315208479 6.324594919999287 5.223177686878 5.620683117615738 6.216481297688493 5.5834908593256145 5.090138179355035 5.5490960636583 4.63692418351379 6.3130136692107675 5.375830827815102 0.0 5.479461273871941 5.449459887471462 6.333401531632723 4.870623489205493 5.493172319691982 4.251739337999694 5.8034389468299485 6.751541311006599 5.894623716485128 5.3528400559699465
3.9420229289828845 5.145930794555484 7.224955509448555 5.878332706309324 5.327468183959597 5.572698553129018 5.560023364848005 6.916751394701702 7.375262397337865 6.238318236646719 4.247548521890225 6.551312766101691 5.407439634466808 3.663298418883826 6.764099806177659 5.8972185618506625 4.276527177237922 6.654714784403642 6.461337947022385 4.7667217872115515 4.583569053948737 5.0109613044382 5.461518819807452 5.2243155330640745 5.479461273871941 0.0 4.7660130881112766 6.364184254417666 5.569817510477119 5.835938092056466 5.788790036192925 5.587557753553715 6.117797164610828 5.961276261666051 6.0111878620787875
3.686793617970133 4.910463488128259 5.508474484472211 4.851427926194343 5.215684634958543 6.474548666776843 4.733564165868165 5.501739192673793 5.974012739838481 5.795521500680091 5.3356045000328525 6.184501917395767 5.356406072629291 5.62575083558736 6.246841639677554 5.842020785854654 5.3036194196171875 5.485613276031467 6.056223438297542 4.385323552090248 5.645214123609151 4.972984400977109 6.658781237255947 5.470909672463515 5.449459887471463 4.7660130881112766 0.0 5.321164086795969 4.164704033589558 5.615838094564263 5.439401710992142 5.259337635659255 6.147453508138812 5.564905411770725 5.361236785853298
4.2322577283170055 5.221970504140519 4.04405040083737 6.343277692093853 5.346114691986372 6.506044439560614 5.8514771992392225 6.314685755763435 4.153687202022196 6.612639856506259 5.640564337184666 5.079602739026805 5.945120796050113 6.43528973637843 4.526730926137089 6.589877774223887 5.455912082388367 4.282228002787929 7.253436463268002 5.7313685040141715 6.8618056352605254 5.350636250231435 6.956842342009584 5.899334072542058 6.333401531632722 6.364184254417667 5.321164086795969 0.0 5.672710305739015 5.356989196819332 5.886642650905635 5.444334629307279 4.8138999860564216 5.17230087349331 5.272922237280285
4.2281627621244215 5.108629253615128 6.155196963527847 5.287897945636585 4.405422348985677 6.364615790662834 5.205449949229755 5.770208849982514 6.346293342741317 6.855891951458523 6.142887146828772 6.204598729086183 6.751479430062377 5.522952706450377 6.567451014579009 6.065222024926463 5.953374650347361 5.915427338028278 6.2899344040542475 5.075668754888633 5.769783981601031 5.633079762229516 7.216776140450315 4.375246760117952 4.870623489205493 5.569817510477119 4.164704033589558 5.672710305739015 0.0 5.797826961636276 4.192575201469069 6.080258008054785 6.7135893985114725 5.976773323587316 5.557034035282775
3.8854408408006536 3.707585721784521 4.371756502087353 6.502632218839512 5.284605639020274 5.379783175120924 5.528970433555483 6.858129296729562 5.370925036601373 5.9148687475974935 5.780274475682217 5.9853241329026945 5.017933856518429 6.236759147659932 5.68762108126704 6.110048404922437 6.213767151068276 5.855325154023629 6.362298229162934 5.215016966397677 5.253130337720204 4.882040415720558 5.602664817486839 7.006269172721956 5.493172319691982 5.835938092056466 5.615838094564263 5.356989196819332 5.797826961636276 0.0 5.879289114789813 5.813617402385998 5.51099689296083 4.2472840763891035 6.715253545694158
4.26081860912291 4.37369188246785 6.016007681769343 5.783609333181981 4.922796721550888 7.058122128427683 4.866119310985164 6.19158768810675 6.601527742677812 7.194182156716921 6.71377570194187 6.979119545590887 7.140441623996439 5.915369608251724 6.492572462978922 5.879678638621061 6.655016808079504 6.6069163993118565 6.680950513565145 5.717636071216606 6.049118387109526 5.380288062590499 7.410841219554352 5.092441601779376 4.251739337999694 5.788790036192925 5.439401710992142 5.886642650905635 4.192575201469069 5.879289114789813 0.0 5.848944578477093 6.6851170671977345 5.902273505354163 5.291374728874636
3.717398933462512 5.137703811931099 5.329671535988726 4.709710990875604 5.810128624130395 6.600546721362521 5.315921054181972 5.517287256279178 6.326301190097931 5.247504895510712 6.1487567838619945 7.265489570771565 5.8733341078597014 6.03949331164596 5.92282645860895 6.081686121116187 6.2016456791520005 6.125726694544976 5.5904805243739855 5.75710908541619 6.367195671017915 5.8865562324956064 6.483428614291751 6.075150285601857 5.8034389468299485 5.587557753553715 5.259337635659255 5.444334629307279 6.080258008054785 5.813617402385998 5.848944578477093 0.0 5.99073201969406 5.543653493115105 4.698048967923619
4.241887839238077 5.330047217900042 5.371199800791119 6.663962502729682 6.584635066024823 6.437771526778455 6.817781942774009 5.93784021314657 4.032188087423607 6.384931554119469 6.385665337904481 4.5364921696636 5.2250359472018095 6.390882023694818 4.133910027845261 5.382464506258126 6.201355431941197 4.305489536815097 6.295548974252347 6.3137165234061365 6.045678220906121 6.067976979138531 5.501955532568311 7.409690783364168 6.751541311006599 6.117797164610828 6.147453508138812 4.8138999860564216 6.713589398511472 5.51099689296083 6.6851170671977345 5.99073201969406 0.0 5.146375995532713 5.160672688576083
4.282550428707144 4.044507157900544 4.063116815273499 6.906773869362462 6.1640381942730915 6.495006732900459 6.165246577329903 6.361037974160644 5.304915440146592 7.22296447893696 6.2907413134927275 5.889899532433959 6.672245852583872 6.3769513706401835 4.812891245223331 6.149132586999573 6.646689791549256 5.246076912217401 6.953485428038622 5.024168549865489 6.705593508056194 4.8642131807801 6.743060869564729 6.709187511938982 5.894623716485128 5.961276261666051 5.564905411770725 5.17230087349331 5.976773323587316 4.2472840763891035 5.902273505354163 5.543653493115105 5.146375995532713 0.0 6.357947649955068
4.122893572572815 6.240046592758169 6.39923423413189 5.460269752080891 5.96783832286119 6.916950220648565 5.674053543385979 4.752605954541775 5.715719107901165 5.94094399850918 6.3880880593669325 6.249139635890466 6.072449533845207 5.622039202044582 5.547590719284829 5.8595557534779825 6.574865869289409 5.59351940091561 5.688184375728536 6.543564121959274 6.453787656760015 6.507306163812585 7.153555902599462 6.144971800211006 5.3528400559699465 6.0111878620787875 5.361236785853298 5.272922237280285 5.557034035282775 6.715253545694158 5.291374728874636 4.698048967923619 5.160672688576083 6.357947649955068 0.0
