0.0 9.876793512998743 11.033980464409513 11.134702515024843 12.075369620070187 11.056367228283838 12.588221646155578 9.897611032030207 12.60864620129217 13.638322124150019
9.876793512998743 0.0 7.706675228161 10.970735511711325 12.147275358511969 10.154481374648494 11.783154566278892 14.546439576722427 11.244132971069922 9.625870577521903
11.033980464409513 7.706675228161 0.0 9.354191296156685 9.053019581382632 10.899019301958543 9.493475544840917 12.844847200009108 10.549739468279391 10.82542639046649
11.134702515024843 10.970735511711325 9.354191296156685 0.0 10.49243948625941 10.472595925129117 8.875762764584671 12.528688304672583 9.448079824197364 12.47469883216792
12.075369620070187 12.147275358511969 9.053019581382632 10.49243948625941 0.0 12.257411566103432 8.70675502776376 12.310317812094947 8.269090424659684 8.987553202553428
11.056367228283838 10.154481374648494 10.899019301958543 10.472595925129117 12.257411566103432 0.0 11.933396225570972 15.175812244566181 8.482723723930672 12.201326738519047
12.588221646155578 11.783154566278892 9.493475544840917 8.875762764584671 8.70675502776376 11.933396225570972 0.0 13.174503573601093 9.7862865674451 7.598182078506088
9.897611032030207 14.546439576722427 12.844847200009108 12.528688304672583 12.310317812094947 15.175812244566181 13.174503573601093 0.0 14.679291181679176 12.875095011046827
12.60864620129217 11.244132971069922 10.549739468279391 9.448079824197364 8.269090424659684 8.482723723930672 9.7862865674451 14.679291181679176 0.0 11.363856284034165
13.638322124150019 9.625870577521903 10.82542639046649 12.47469883216792 8.987553202553428 12.201326738519047 7.598182078506088 12.875095011046827 11.363856284034165 0.0
