0.0 9.801715947319273 10.89294939215669 11.046890997198373 10.01163081487077 9.225636545233026 6.9972052567808705
9.801715947319273 0.0 9.760900391299696 13.003863046846536 9.949436944704246 8.293732935510281 9.768835883547847
10.89294939215669 9.760900391299696 0.0 12.032463013158212 9.801171426138229 10.350963407135731 10.783175129417824
11.046890997198373 13.003863046846536 12.032463013158212 0.0 12.190707538970043 13.236059657294586 12.821064991973408
10.01163081487077 9.949436944704246 9.801171426138229 12.190707538970043 0.0 6.781665829510393 8.891471389001499
9.225636545233026 8.293732935510281 10.350963407135731 13.236059657294586 6.781665829510393 0.0 10.0661811414181
6.9972052567808705 9.768835883547847 10.783175129417824 12.821064991973408 8.891471389001499 10.0661811414181 0.0
