0.0 18.280918673788733 17.65040291368259 16.760435988305524 21.65338026077165 18.43499579573497 16.658171759117593 18.93491880196916 18.35563507159572 18.800906644292823 17.032393610798657 16.366634000632196 20.605463425378982 18.28003850438524 16.113039299326555 16.10924412717088 18.195677927363697 21.03807621779808 20.95621182673908 17.864946893558177 19.579479754429972 19.600401746664442 17.53662003067463 18.92790742757574 16.77058267535791 19.635296718766174 18.181292557144445 16.9243280842224 20.48342146153206 18.485126787987248 20.442132366708087 18.965872507333096 17.013984840758194 19.171827439726997 18.007858993121378 17.38734923322785 20.347382350694673 18.541775995942142 17.061124697843 23.073034352553254 16.426775283495324 19.716035521984523 18.737464066818436 18.13273167303298 20.540440747364272 17.083646575769052 17.41514511644241 20.65886022044746 17.418390688569243 18.605822424479364 17.779047893897925 17.733178592036193 18.99103425660724 14.673350021704344 17.25695211095967 20.349954418214725 16.9198278196275 17.413237295856714 16.206698075980647 24.717107377877614 17.202009573683913 18.291367131067464 17.004231307698163 17.01261716289627 18.436194189399064 18.618357968167217 18.753904571922593 20.980178713662596 18.639486850465968 17.92936790573197 18.69557720486138 17.049586902960108 22.32353502648096 18.094569725012384 21.50428459441357 16.165560137329948 19.190339210722172 19.717056061817892 15.800771518675793 20.554653205932297 22.20888870674032 18.32423567257644 22.674884507932877 18.17215498233973 22.326212101794347 17.206161729954932 20.212540114860964 18.537915882753047 17.622592513372915 17.548662839244184 19.63743893092203 17.38438799502789 20.330671392299724 18.78208177024533 17.676163509107774 18.868240337407848 18.057805281330005 15.793184269444255 16.202192594046636 24.350566502286796 17.87979437395682 15.155278430297141 20.816377483117883 17.377055854799448 18.644489792398996 14.730024249861517 18.546756183825163 17.80572684987356 20.06343367711715 21.23255617970868 23.246873397266853 19.19156528013784 18.477129533980502 22.345169517090515 20.117911833911037 22.950990388368538 17.470234841565002 18.970515262147412 20.239722296347082 17.297696319731077 18.711685290973215 19.908349452480397 20.593442439238554 16.658630799053814 23.095020787741014 19.13930681476579 22.08850388291427 18.669237586045597 17.957442764589622 18.29988509540585 21.458817031898818 20.976508076836282 19.974374567999472 18.1077271289987
18.280918673788733 0.0 20.630326126473022 25.181793067627673 22.251955267157964 25.36897959761217 20.893383782277223 25.427167340053177 27.532847831470907 21.891233083953995 23.598250162124344 21.412280721435152 27.335250392331776 22.98458145809306 15.87274318162909 21.12726924076997 25.82073136289001 25.33837138206899 29.264791182809624 23.276549501686873 21.096617292331956 25.10467071794673 27.504360709847443 20.782129439529598 24.988858774868255 21.506981334348065 27.9896606085953 23.003940095028998 33.40953898128186 26.054423693974858 24.62831562151562 24.885865940352843 16.81419697596366 25.32775528472059 25.36123530908178 25.099145575006197 23.04602338786495 27.725791736536685 20.171873327428383 28.232279895099282 23.15179363528354 20.67961614722929 25.03565036906438 25.285769859545454 27.566715149287813 26.868170172962135 25.443402799253224 27.290192402287257 17.859842811415483 22.319203767141737 25.956421696247855 21.5716320293271 24.388859597004842 21.53511706764781 25.599320075222977 27.649685198019192 27.302106217340263 23.76794643232883 22.379478968698496 33.12535526221451 28.08352672470136 26.135556003362993 21.244382649346825 23.387342620909415 22.985785311324882 24.324339143092395 24.544690955468745 28.132328645980795 27.750756267339973 24.652028634748024 22.637606887354423 25.93653628763152 29.788273782672576 24.70459520456344 24.588230245912776 20.84180927107262 25.308240755018012 26.309661337251818 28.20678993548473 23.737089836069373 30.173126965210905 29.79983473775899 29.637714592660508 31.69154696151355 29.725637061893963 27.97642929278138 27.886648565523547 27.56339164309359 28.228606406717333 28.793229048335505 28.41963586455202 23.895791082566816 22.6254659193811 26.87549040480475 26.93756097793197 27.93585478580125 18.553502320444526 20.8942474649553 23.63238393353977 30.26323483906513 28.78782234834819 20.76114430733937 29.66570771451989 26.759663324990637 22.76553573231982 25.603895056356155 29.994753377531147 28.352299932933274 30.77519628351822 23.04932432561169 32.32784133711106 31.008481231381634 24.552218041926686 34.88321082816082 23.21874164134298 31.311260051065336 20.303576631101983 28.27470587695122 21.664698009447232 27.342000201819104 27.655276307708935 28.23666738817213 32.828367349179445 28.445132533846525 30.90131762028593 27.106571314130225 25.18294926178483 23.52162926722404 24.40924706614652 21.41109700356423 19.027188282174173 25.796277831167945 23.590984487790024 25.99728727499497
17.65040291368259 20.630326126473022 0.0 20.224705244668815 26.963428490543418 26.45626447591434 21.308645743264226 31.21183244209131 23.85594250803378 25.637660525298845 22.632106676755292 25.874589716176523 24.02289485815992 20.817761631624197 25.102333956051595 18.35889540064147 23.476231401292083 27.455274595719317 27.205143937161882 22.07427692859612 26.52423268507878 31.59161375989885 24.92191900675927 22.04698494465041 26.08418157465225 28.208477077848 26.266387727144433 24.56840946645226 23.511180834254862 25.55082163403809 24.092186512354694 24.649349868947432 24.871346481965162 29.337536411555295 22.6744993721917 25.357049218445198 27.19784050850982 20.036928402975757 25.56703108255931 26.612083685491914 21.83081295951636 25.76073650577981 27.624086108303224 22.781913980609225 21.964481375617964 27.524246564005658 22.196943017897713 25.517176718918392 24.445613881831743 24.41382339515964 27.517213758516107 26.86411494635103 26.738907082029215 26.02145159595727 25.687560285476444 21.229759268493808 22.381745185871434 19.830041408646508 20.959943805301112 29.427807514516285 25.834270679129578 21.71958716272343 22.222517781295625 22.733233267343138 25.73254296661875 23.569944132452175 26.156236039654388 25.43454999708598 26.856658894856903 21.441747754279405 20.95323630341562 27.68281743295816 27.731939627721115 25.784007457795838 27.809535249174246 26.770065749252222 27.222267003142743 26.86846219508592 24.51886759233553 29.63394846517322 28.49707455502942 22.843210859060317 28.05511331387726 27.830733422132994 34.31374361729192 26.08390444787633 29.10888251037548 24.94525991688746 23.734747550711862 27.43008870321866 28.394657796995098 20.238781222170523 28.44331908248557 26.283104934471453 25.141856730104106 22.498357330765785 25.552156511704272 28.1935562323764 22.539923679177548 26.220356943704548 23.67986620331965 25.845141912123236 25.19817722898405 22.084825460439085 25.96171938481167 23.423013564753514 25.221433835646206 27.32826891419886 30.120251156150417 31.40127130391036 29.115639381676523 24.246473454969824 25.82844232435562 27.764676395065262 25.17926706416491 31.054427073860968 25.53964234679873 30.126463672832752 26.91916297640536 25.43209721649008 25.91592581726851 23.674693549654094 28.420427548551917 23.32648589238467 27.649231012345133 24.33717791004354 30.082271559638812 28.302304740889557 20.847765042980566 27.622372469887903 28.541047866414168 29.65180471745879 25.32823512664468 31.63188686378479
16.760435988305524 25.181793067627673 20.224705244668815 0.0 31.06759290042823 23.929584232233363 20.041038446070836 25.31389616137134 22.08832712495554 26.21561764620902 18.874712161924304 23.968479603562976 24.06737539811048 25.40071918513257 25.98455920335387 18.587832563537184 24.18646362450986 25.770053481259527 24.396062884679772 25.854229116238994 29.038791004393687 28.415439696430184 26.20722944387403 26.906839822706445 24.159153157242628 31.140972951335574 20.50236174069591 22.678141012274693 24.503052718573347 27.476530525534145 27.28781336479543 24.015367284115413 24.862163762251946 26.475225584929216 19.25539384310859 25.33814627315419 26.372178264700235 22.46924361624806 26.787874290152473 25.879330137917137 21.960406342869277 27.33171992833607 21.269383139379975 20.51529523527416 24.202996910366164 22.956798614657078 21.502390549740305 24.191527041586674 25.646114248208676 22.468578770835887 22.749273045661372 28.132815152534008 27.972145346136088 24.85898150714041 25.048415199215963 26.386299423920256 27.167990127025874 20.75954113671193 22.038509716281894 28.250592547467487 24.09069770635514 19.586237652058117 24.094325637315457 24.599689606500675 26.901644368311565 26.42298325288808 23.760374612122785 25.841169392776127 28.975651207931122 24.80136240351232 22.563330927657194 26.37204359568846 28.460472844487505 26.839714228788893 30.2176630850699 26.64170121881554 28.194560755496628 27.470507230804095 27.86614585872285 27.678893956011862 30.29832857817409 18.730149781614255 30.917341584070684 26.00917840763296 29.992841743270215 27.63314816463238 29.820705312476488 27.044461651294874 24.878058876122658 25.736433110168942 28.617061802601764 18.39415301844302 25.01872901179108 27.76698838349452 22.103990990049503 23.978837622499597 24.019476945491046 23.402510866526434 22.009163133600286 28.372731987809853 22.770142335592205 27.30936578943099 24.050191586708085 26.215744855364505 27.56388956790844 23.282232113606206 26.20639588879229 25.757598477359505 27.552523135641568 29.228443562344975 27.373063669463672 23.730267630671882 26.937897756186935 29.998884952624948 26.190645108898707 27.97371329291981 29.35964483671069 29.510862533133675 27.09379383966659 26.90715095158862 27.91434403864287 28.861312615460406 26.497928139563182 24.265794325069912 25.407488575789998 26.87996887002983 31.742229434887367 26.016129026962084 23.311952610898384 25.32470994482344 30.063452228787472 30.60298834977168 29.919630724693434 27.778685352078927
21.65338026077165 22.251955267157964 26.963428490543418 31.06759290042823 0.0 27.097881376254858 24.079885554140304 24.665426972067348 24.699879704946625 26.16621054110767 29.031148935903587 22.52042375986121 23.64594524016979 25.131055881936998 24.05690480159356 24.93866411328451 27.873092956460788 29.326095657970036 23.77730929698037 28.381985118516152 22.099603888014894 25.22423117168585 29.999591783366693 23.415591044754407 25.75100918783876 23.59564454398765 25.47736231191942 30.120655745318807 28.432112692889547 23.59657261751884 28.31321751424194 22.4027094959128 24.570682621642465 26.08060683532672 27.77190764628751 26.827693436780688 25.894984859955596 26.1379345626056 24.0099096607984 24.82616735915896 24.61586070818079 19.104789781891874 22.775803749052404 27.50098847824605 26.64906050186499 25.380431814825478 25.864260019759072 25.668570741512767 20.32425281211833 31.26714591470857 29.367958082423662 20.02707384532916 26.862915566646258 25.578075553132926 27.154643680020534 27.652551983958816 22.215394820404075 28.076926298780997 22.970147588242117 28.52745031115508 27.712933554451052 26.089353341377045 26.26584487437806 25.14154966849742 27.659168407367407 26.578761395896198 29.527264795951616 31.983252078446863 28.213683007652588 27.981089539122067 29.604193748459643 26.639280345880472 30.035801856670183 26.91449828515988 28.430503968159833 25.713741367516967 26.69618916594372 27.30146864462288 26.58992504555396 27.37971379454478 30.48319407099106 34.97694250490436 22.792182169804004 25.44557792897553 30.10431243801613 26.034785521335262 30.431252766396614 29.952858959237226 25.360719545976163 27.040190162930198 26.959790757214144 28.836294867654715 29.94524555396462 26.824847627227403 32.17419710471721 25.5128787151235 23.975090490201705 26.803033137397204 30.59016512678402 32.04431104884858 27.382928742217135 21.659423670406593 30.23928672625908 25.210358202331836 24.440272626722496 24.655005069866228 26.222383753558653 25.23163750011351 31.308830180549304 26.261136323796187 31.380063076746147 30.347336666745257 27.855472267209482 29.174512127509985 23.306063430693598 29.258681052186905 24.609427024896327 29.673970242688277 20.22728289634152 26.456545712950373 28.81429087818851 31.055840002270315 32.100470443992194 27.869665329468706 30.265394955842396 29.351144466049398 31.431657238287414 32.408647896980206 28.945760148984228 21.648316089134255 27.735354394101023 29.62297675419147 30.287810986465352 25.39057404766314
18.43499579573497 25.36897959761217 26.45626447591434 23.929584232233363 27.097881376254858 0.0 24.95921545203705 22.589807154852775 25.84573003338314 27.027936672313924 22.830332800588486 23.970327459619853 27.628194066626083 30.56611996238233 22.56059619973816 21.734514778585005 26.945713020887414 28.024626981668316 25.749496861772577 27.740132872034692 26.61335848546769 25.458207482037142 26.125874055410957 29.402221019555924 24.501567845262617 30.305969996997256 27.567400668621353 27.114481326326146 27.091523746386308 29.467884906633625 24.603628573329445 24.584491329954705 25.028871506726734 22.58891234185606 25.123859169139443 21.48827915285682 25.383935388808567 28.935162867069952 25.898905058552476 24.561574942550465 25.80398664197368 25.715129157465874 28.487347484237326 26.147538116219152 28.61275387400171 24.90761134052341 30.002934515775717 27.776144511936725 26.26652376457861 25.559799534012313 20.013696800278115 27.939991463146615 28.96712869496416 21.050228349269283 27.190993704715225 28.93786894608662 24.109854423070185 24.03615966052466 26.37310631745037 32.45833318123747 29.25755844953796 28.556583602999677 20.287577939040293 28.996977243651322 29.327230645747985 28.87531528756324 25.61957789965863 28.30286441647368 28.78900665474689 27.048566934272426 27.62761028012603 22.605725374043207 28.084778982570885 29.43644425967867 23.8183451726959 21.469399284969846 28.449096116214406 27.28523879672146 24.158907451032363 25.348726503471585 29.784791663638078 27.317640282434823 28.289559708230367 26.99062462958897 27.90613680436797 28.592796977868147 25.738803544780858 28.265057790923144 27.159488157970724 23.358910467668352 31.61394029013328 23.19864278235108 22.110156838830044 30.625484508926114 24.808107139097356 30.42805685142563 29.29553884133336 25.76280197565651 23.31718186186646 31.057594661175845 27.24265176135052 25.52449372631018 29.15802917674741 30.911522667476685 27.801644492044765 24.444429742465964 26.474956922017792 30.058863504714513 28.415422789843333 26.361238047018414 29.92515037722466 27.27384930804321 29.203801728566475 27.78445615602289 33.50858802732351 31.04095684629663 23.456325434226837 27.863748224987862 22.88878334055805 24.935482357419946 28.098995735422537 26.938409290215137 28.010077097531212 27.89984504775884 31.951403321988305 29.639763784907853 23.473443315030444 25.858268170816213 28.718852572446384 26.97941075461016 21.444387797110387 28.101247117165613 25.227644357009297 27.671849120036594
16.658171759117593 20.893383782277223 21.308645743264226 20.041038446070836 24.079885554140304 24.95921545203705 0.0 24.022341074050882 25.68622688801228 20.54248259228309 19.602731642719554 20.01731624169237 22.640789929739846 26.79045331596374 22.431270826773375 20.96511162100736 24.73435447260422 29.94808276547179 30.241878652236874 25.942680760652 25.98102105144402 20.379268855853027 24.09985406649706 21.866523473967597 18.21650117022018 23.160802425370097 22.768954176086 16.75319909503817 29.29541336242727 30.578667106131846 26.887155183407103 26.76062915379862 21.696961832133017 28.079420893989063 22.482865022525548 18.93566844265129 26.076729989890033 21.628656546694344 23.03662446352922 28.959985348665494 23.155600382509654 25.1886350896355 23.60564865891338 21.00955593937694 21.492612970988844 21.32249870804019 18.30464929923174 26.77992041032009 24.79965570461715 19.520798107557646 26.902560791650114 24.688303496083392 24.60232303385166 21.12787160201068 29.285660062525817 30.750767869907847 23.750686950366557 22.425625119685368 22.853054076381163 30.26870419163989 28.83775639599645 28.0089181334093 20.519419783473165 20.392096690223305 17.771582048595423 25.517907317038862 24.762325593737103 23.405350893573612 26.971633647536777 24.324773970863735 17.983114046162434 29.211066702133326 33.43802752423314 25.137362887529736 22.10860714089218 21.86035964935314 23.661927421815797 26.23093656463909 29.8553974221244 26.965838543501693 29.41950935943741 24.132731981314848 24.78682195523598 31.221842228289116 32.371825486076936 22.738280913083447 30.86838880503217 29.59175114135914 25.255556067290932 21.996196093295517 30.609787774773146 21.96042945496839 22.475112185635247 28.371463890666863 21.701038906387584 24.83346054584977 24.557525088034893 20.410325240308513 25.338156310926962 29.29076798790433 29.978119751271876 21.424816517443315 27.47966170519413 24.69543500302582 24.99048307963085 18.931804597394017 24.372913410589128 27.306705016292184 25.00307918531081 26.061616429137374 34.81552737636158 25.65903314563177 26.05060125215698 34.46258686734437 20.805148518779276 36.08209969902947 21.543638145838628 27.885206146780952 23.309610381952695 27.303233534582645 28.538686570352148 26.58104818037775 20.741354736744288 27.521994175275626 22.753304309966627 25.93882712479515 30.057197400065004 29.302678143793305 26.134383662182557 30.60958201475982 26.48209361819295 29.85184257457067 27.91340634801935 20.346525770334296
18.93491880196916 25.427167340053177 31.21183244209131 25.31389616137134 24.665426972067348 22.589807154852775 24.022341074050882 0.0 25.446653550506493 22.188487983615396 25.939408600422983 25.656234445077523 28.881806519339996 29.24866071306518 25.820875195808632 21.914636040955145 29.498312023980585 29.030388646569136 26.86520664374124 29.36199030032244 26.67560211436467 21.36461779899943 29.693163474783375 28.49335909047116 21.910426334229122 21.749907047251437 24.363204898659102 23.64976355243245 26.501160760173107 28.118875182778794 26.44532065392688 26.76988126463798 24.251233856206113 21.282800862436165 26.801112810712258 28.572245802405323 28.462733696173526 24.50923731086825 25.344181536875585 30.062964313281526 29.01474916537783 26.10595221483704 25.089886446456852 31.316210988898273 23.177660655521976 20.42198493228662 25.001385220531787 28.599742957382546 27.10666552689811 22.6777849386287 20.61447702837185 25.508405802860413 28.5547033889621 18.925405654479835 24.37036856125473 31.031792700599663 24.477056074944898 29.151414209469547 23.488953395812256 31.754013134654535 28.47023963556347 27.357512523763923 19.572064275671572 22.043797139900082 28.326062673174278 26.366362967519432 24.937398745904645 25.23174396655204 33.80227522848319 31.993264608011323 28.83072559974264 28.37492826655631 28.49050165812936 31.040801486999687 23.717523759047985 19.392365288518715 26.866376414617765 27.04122216133071 23.656527544141902 21.10219300442334 32.1045749212485 28.274411596201112 25.415730977976068 27.448441216695343 22.677924345747424 22.427734281334732 21.413071090115753 24.164132929968922 23.385590261068796 24.41961066687967 24.161799309166206 27.11853336030971 18.362965663649437 26.19937152234257 27.552220674531675 24.66921542879722 26.98692275378875 24.712878640544528 22.499158781286376 34.83226759230298 29.964246107550416 22.414440016695412 26.20341631415057 26.1557563000434 24.415588156758293 23.814630727628924 30.162341399611968 27.004830899917735 28.44010683251269 25.139706267991336 32.57009104868947 25.620112173521186 29.89378133836397 35.065863374073786 27.61164729419839 27.902295802114132 26.392180664334287 22.892479809182454 27.548199005662642 25.361231605063995 31.838863918558644 32.885622896420195 22.99118230131457 31.1273761046728 31.926691385391038 24.976681556201253 28.4029027726255 22.260486122015156 27.206808399428656 24.69002242674587 23.557002547291187 24.81050226540887 24.741410218642507 21.285045094450652
18.35563507159572 27.532847831470907 23.85594250803378 22.08832712495554 24.699879704946625 25.84573003338314 25.68622688801228 25.446653550506493 0.0 22.966419533135223 25.883726881852244 26.006480248070876 26.18429799401245 23.152412663683954 23.00363161243042 24.408350151622596 21.420910819156635 26.91108704491603 26.27755319345242 20.853993139235765 27.10502598847853 32.37322932854809 28.347519662456097 27.881068188079496 27.91934622994867 25.77540045230705 21.99507713054714 25.27091758514635 24.074577671167994 27.77407344217694 25.30862524793823 24.043556252490184 27.222455779227523 25.054497411790837 25.588037267187662 27.033304880963364 31.193152456040302 23.87690006306045 25.004015684372487 30.729588871205486 26.35193691790956 26.502241049777737 26.585670847462765 20.757645244543248 24.063766201926324 21.050133756579612 22.221327883558466 25.120600379618033 24.451822015945915 26.224508395450428 26.009110548736693 26.492810004093705 25.579276885703088 26.403884396217624 20.185591933060216 22.207775888680473 23.814827329599698 23.05265982116749 25.70075396990196 27.372730855710476 25.914534509850206 23.611496902812927 23.560334718667523 19.515371674247586 29.074907330149454 29.100648514204675 26.920152984417943 27.07982850784987 28.9534725738307 26.484783357867936 29.55691052822076 29.201044308879894 31.180865548916728 22.757526173405328 28.495242351312605 29.003961909674093 30.484008561838777 25.745371074611914 25.654057377764794 31.674448192563766 25.480458690604006 28.735687344217535 27.179294436918013 25.110408423124962 31.07553263427478 22.973886138215256 28.503276387270382 25.5519749015311 22.583406535665855 27.576664235337407 28.253433442535844 21.884866994927094 27.151318122754702 24.828590983885963 25.4679829094833 24.10592990226927 23.803540734949248 27.080686323380977 25.592425795260937 34.52208786878898 26.76708664649677 25.1819829322502 24.229763901550786 25.02099407301728 26.46886417857816 20.95908698806193 26.297753786419204 25.448607246610493 31.846210436229487 30.69847745156813 30.021192426818924 27.81870085170581 28.20809462669929 28.313920452814024 27.27511586744428 26.721467679206405 30.24117251836386 27.11583646627209 24.25841186737134 23.644058615664363 24.553584644347435 28.518016121775307 28.063356071513468 23.69416077006294 31.61201288368203 23.90957564222123 31.65705298853273 26.832102548646933 23.192834510025644 25.68998122240184 32.64364958945819 28.152723665712998 28.536614604669104 29.321884015987305
18.800906644292823 21.891233083953995 25.637660525298845 26.21561764620902 26.16621054110767 27.027936672313924 20.54248259228309 22.188487983615396 22.966419533135223 0.0 27.060407820654937 25.8629019244698 25.455190793728413 25.245396007323166 22.51863209262024 28.04843247075829 28.223794142381582 29.425575177537578 29.02579484417311 20.249469626355683 27.610580796485813 28.476946080198534 26.366912044098555 26.629485751904177 28.62689527115697 25.501123593277207 27.083803285609502 19.854863580070273 26.194181470881926 29.49635723673638 31.99609209878584 29.100747225525573 24.08528477168763 26.939673303133194 22.32157495478607 25.707211996229674 29.319581689921417 21.763840867065884 24.458815648980472 31.769383459491554 30.031143125597154 26.480746106949308 26.25005823429948 26.805140821299677 22.022881334099857 18.92296565115987 22.520631297235482 31.40150294978613 25.564087639552316 20.2467080239682 26.243151534077523 26.643060350477146 23.997974696684068 20.111446673924487 26.159834039118962 24.25620560634157 20.666320854078634 23.810251769232575 25.835993680230978 26.67391196091687 27.267567535570244 27.40384692679855 17.80519484118453 14.94445816390104 23.828870012069267 27.38272692698892 26.591631071429052 25.552530959810056 24.49854664392609 23.17679628905775 29.36070284396787 30.62832098970896 33.52277499201453 22.176942097333196 21.001961008975545 26.080589111281704 29.40639073154578 21.804257133234614 25.63518556928938 26.395431573151697 29.008079653270435 29.75869219443654 23.260968163128293 30.39011255046332 29.476688218192816 26.670906931119255 26.98269187698516 27.029192060772786 26.99600353903229 28.89255100263148 30.121137351116477 21.84893928131208 26.080605273990823 24.56239459569232 30.524122581413533 24.537023352705088 24.98434781778269 26.87299512333638 27.234313031915807 26.99537152486007 30.973395251732292 20.509895615595447 20.115855015814237 22.46860598270862 24.469857171976575 25.85400831438992 25.916923029805456 27.781258195193505 33.78099338723471 23.658224126420077 36.22249282753905 27.23847560918646 28.028264156727097 34.30991530456153 20.60708954846335 34.31915015577742 24.769206222951993 29.37405659224876 24.82905561611307 26.4244991400615 22.151367967727072 30.49296341312232 26.71226186494595 26.237148941864977 24.32491034399367 23.534900963819545 31.56631758639662 25.583387594056465 27.755124732352503 29.106723615324533 27.962478250432316 28.6510320911207 29.200179694590762 25.38053641241773
17.032393610798657 23.598250162124344 22.632106676755292 18.874712161924304 29.031148935903587 22.830332800588486 19.602731642719554 25.939408600422983 25.883726881852244 27.060407820654937 0.0 24.859322046034382 24.771982462271694 24.836396172849707 24.49880590505158 19.786454328622074 25.781699314704976 27.549186118375886 29.539024652233127 24.439365579608463 24.204137342437043 22.632124851369547 22.37232278247439 25.56303559231113 20.928109388362717 23.831454253663797 23.132834488464113 24.990594195012974 22.618333339861234 23.652750294310632 28.308481777492915 26.813305578311624 24.19732919275594 28.913367197574228 24.842661247854785 18.9888155475223 20.062226052374182 29.819730601287695 22.841631068152104 27.464530239489896 23.66778696217969 22.555455666068813 22.353264482504994 21.189890655770593 26.38605503046852 23.968407209810007 23.42309460661407 26.501141331038284 18.93666970931954 25.939306487664787 24.30024504176816 22.286594181624103 23.223227202412804 26.751323289733577 26.20174873381502 28.42443568308839 28.4364482887788 23.89259589233174 26.639522174423632 31.120003220862877 21.649637712716558 22.4074944848244 23.518953615719155 21.881924567799217 29.277924402938265 24.222613216505444 14.890017248177717 27.99546113538969 25.44558832273138 25.477338009662287 21.969698218630217 26.455214093756577 26.22666618709976 23.80026078253757 27.104242780900258 22.955489019418554 20.68761752391026 26.386274725608992 25.896672475384392 21.062611224738447 28.233882489602617 18.109144629655482 33.17723629073256 26.86419575870128 25.347572309000856 22.27306263288247 29.17311700684023 24.219901012444534 25.2813909604199 24.8760629337842 28.75873761289977 22.307919446679808 28.73229573204357 26.215627245524452 15.999258331161354 28.465651743956975 26.87339167361049 20.694270062306316 22.489022293246183 27.180857530719397 26.081627260360847 23.749346098997684 25.8054249873831 23.9928864667112 25.96827575518505 23.36769757342727 28.568214356142054 25.55652767286611 22.534874420006155 28.57176425209448 31.03267081257667 27.989714085223483 23.076567507146628 29.807761825111378 24.57103829417574 33.366565290231065 30.503389291200254 23.64677277399911 25.918358733614355 30.346543782575583 27.655005724041388 25.070130273313097 26.713867694790288 24.915287365524314 24.341301883575447 24.10002171704601 26.271632786082108 25.906177154000865 24.419961586501053 21.514408923345822 29.823110922219556 32.099345755253246 31.402227205958294 24.567130820431245
16.366634000632196 21.412280721435152 25.874589716176523 23.968479603562976 22.52042375986121 23.970327459619853 20.01731624169237 25.656234445077523 26.006480248070876 25.8629019244698 24.859322046034382 0.0 26.674940418146196 29.06882454373083 22.078083890834677 23.13407989089175 27.245227417122173 25.65011245973591 26.828429889024115 25.74096745153319 23.489552640204106 20.54477886889436 26.833458099809235 21.61807626088313 19.39020330743085 19.688373132512154 22.429933934960708 21.394764644093076 29.882466228554755 26.625414877392743 27.190313996001066 25.52523715259064 20.6767350060759 20.7103874057283 26.515057720553493 20.648759188868166 23.856150352301313 25.08402485263314 24.847367936496205 27.850005189565863 27.048247170910628 24.16923053678098 21.385045968497344 25.670628793708968 28.301858727944484 22.416492650725537 22.075881645674244 19.8644147675197 21.22549979153157 22.235186218344854 24.829603095109963 24.160863039340345 28.03303661641431 22.179921507536445 25.391471168297176 27.463739975889002 25.345631952187496 24.89180351450984 18.108917674023104 30.86876522517078 23.612666529307905 25.348853294030427 22.999751472277772 26.93997965416314 20.419893921342524 23.354186160748412 24.612218180560724 29.604599842427646 21.756100888913405 26.787109733329583 22.797649702115063 26.49828865439395 27.206604959990308 21.6089624847623 24.60458599466027 24.28072666368836 23.349346999696415 25.36931717812885 24.831973352616092 22.848145553621485 27.277648187102873 27.16975141028423 28.77663975761541 27.924689047059893 25.83967187453888 21.326822312332876 32.08744394405094 22.377679568609462 23.692444379912207 23.85999678731788 29.54807753171201 25.36877419362747 24.102117148503968 28.635258665551028 22.265001922281343 26.65309793643069 21.317794723206255 20.819872384542595 24.494554508874632 27.56288905944623 27.168616945463448 19.243548946190135 28.1389890955974 24.750414910278273 25.02102093374372 22.099374854630856 25.718569578218023 23.487548074530892 24.27746120130995 21.1074060717418 27.428109096846 28.55013674751115 23.56021298193173 28.69808458308746 24.476929749207336 30.90407790763501 21.02620553711486 25.472797308718388 20.227997723222376 20.770804265578562 25.119308979725176 28.909292209895135 25.68051536628693 24.287907821315805 25.790273238145694 25.146360359921296 24.511571577044535 24.222396553323495 26.97992702096627 22.70572924068223 23.262148945498083 26.8870582225885 28.47035896042975 24.278720385443563
20.605463425378982 27.335250392331776 24.02289485815992 24.06737539811048 23.64594524016979 27.628194066626083 22.640789929739846 28.881806519339996 26.18429799401245 25.455190793728413 24.771982462271694 26.674940418146196 0.0 28.34108463778685 27.52887237067101 27.62416596084188 28.295513245277313 31.682884778524944 24.081529966909336 22.219681884281012 21.428623331075677 31.733135679083457 25.9439156207181 21.2091051795463 26.263340486213163 28.89278369769255 23.686172022284367 23.703424793222464 20.831862117188827 20.804064642785583 32.14605567263281 19.171322763421145 23.937935422271053 32.54234750466106 21.545840764640843 23.782404972423556 32.362521812191154 24.221123719921778 28.957007942210147 19.391071515278185 29.000427412063964 31.059964112394063 20.962755495132317 22.196899477580732 25.78444438387291 27.238639196957084 21.147794017422274 18.6021140929999 25.790977287891952 30.98800356771715 32.61451826066293 26.95167128080487 27.26005323356253 27.157051872603592 26.63147022012263 23.15264598457923 24.76785056853973 24.41128005475429 28.68934906963605 20.572081912303908 19.582638471174985 29.813125496038516 26.47658045961793 23.584137263482866 26.16919222307595 29.3595923137248 29.197783733924513 27.00168089692356 27.561162773820673 19.3298751970405 22.067986154551928 28.51118434360914 22.044915806200855 27.374557381051353 26.58575919231303 31.55369924885038 25.885940011201917 21.963952523186794 28.151460745764698 31.3909263721281 24.727877242085928 29.312738846241018 25.03231218922872 27.160330058875584 31.684632846712784 24.405150530598487 32.638865790241994 26.895645667708525 25.796801439954955 28.712414301665543 31.87988593542774 23.59439971525672 27.31037013582826 27.83696847678719 21.248642558553357 22.32600387476942 29.614793844522776 30.261444770814094 26.1317964737725 24.0343222133135 20.885960761297298 21.695574391239195 21.34456565811697 27.643917294662145 25.8553131743798 25.306977532662472 25.539911780805614 21.9623370618765 30.471881530105836 26.68816425103018 25.623819303177577 26.98089857247802 27.819294745479183 23.0224494206318 25.41091577473729 30.541896216397305 24.556467195150926 31.556729426200036 26.9736133941265 33.768353065460786 24.86055533332475 18.255383495801137 28.164478978693264 25.573122340499218 21.355837695666967 24.402985859957017 31.518920514732837 31.24374190681131 24.463688655885 26.980154347491503 32.323433197947615 33.28435709514384 31.7146261122992 26.795120484668672
18.28003850438524 22.98458145809306 20.817761631624197 25.40071918513257 25.131055881936998 30.56611996238233 26.79045331596374 29.24866071306518 23.152412663683954 25.245396007323166 24.836396172849707 29.06882454373083 28.34108463778685 0.0 24.271935541945254 25.69400835756086 20.345279877875246 23.664012542554737 20.92601662225898 25.453486221613588 24.634168276045326 31.127719266236976 26.852202271649972 24.86177176272808 25.851683663866137 25.598618295557177 23.500609431628426 27.394039479304716 24.33677625659179 21.88750949987263 24.45076629051645 22.83277340723612 28.48912781063973 26.47136097564903 24.432621612183542 29.220448426062827 26.34042452743893 26.637267083221346 27.02390788028431 30.748187222397927 20.85998685720994 21.422344228517083 24.440979088362727 28.56141191332333 23.600994474260276 22.600094989801157 23.113262028163604 26.46403468732206 17.963865844281607 25.646636721069694 25.447895424351028 19.368872519636117 23.920086136327456 29.427806104277604 22.20677533451352 20.420090104238042 19.3700746366998 26.533453684697182 25.179933259401736 29.268935237635784 24.60704368328089 21.660383912533163 26.19413347428732 16.600871093126464 30.202523135502943 25.635471513326543 29.289390447559096 26.554257079959314 25.288101200453568 20.94414763638608 28.729532453842946 26.25184149327591 31.011264065713025 22.079521260885052 28.66134307493448 24.04358227411653 26.775803335860623 22.5112301123062 24.577363434576206 28.643296276305215 31.636858417497123 26.180842880838533 28.9375357331657 22.92365788137475 29.923725877969435 29.19523170953439 30.018361981674918 24.494938698718133 28.307288452162087 28.342660369009526 25.36441816039446 27.878107400809174 31.117595617089492 22.393227881616905 30.614005727075874 23.402129084309124 26.169508533545887 28.065584202831776 25.187792426727192 33.233811893922294 24.450856519388733 23.982700621615486 24.274125162023786 22.115807324774988 22.398989025872893 26.361532363996716 26.39489519285056 28.65306458272829 28.96495741567159 31.117844240403286 29.68448416458169 23.38461044145112 21.1107185794428 29.97677791622456 22.629159085603817 27.25389105800898 29.10904795602565 27.604326467093763 29.83141775598204 25.50185066126947 24.353471355784613 28.470162682384192 31.962506482604603 18.884237594663286 35.07104198754447 26.883137304088052 31.797598156725687 27.843535572543942 22.94325764256919 24.639765308004492 26.88126847418907 27.052848884442927 28.11541336754457 27.82155132322121
16.113039299326555 15.87274318162909 25.102333956051595 25.98455920335387 24.05690480159356 22.56059619973816 22.431270826773375 25.820875195808632 23.00363161243042 22.51863209262024 24.49880590505158 22.078083890834677 27.52887237067101 24.271935541945254 0.0 21.782489208671166 24.807949082331973 24.733221842594453 26.37576182279965 23.49271223370185 23.04479116517683 21.355866944527115 21.920518093168358 21.072392917270903 23.107048442255174 24.83938452281591 25.87473678019141 23.96363773296709 28.214060101217857 25.09432308884808 22.348394952217085 24.689686637031084 21.72835134353957 21.173206964492 26.31819244153394 21.996940563228446 18.233274817266235 26.412557473475285 18.061458447794156 25.50771021082068 21.674986635327503 19.142704239150977 25.046542649603005 23.475703589337314 28.067326317346907 24.56978140992273 22.041148078334356 28.153887709768373 20.39046882453036 22.40233190852024 22.83404816952594 23.619412230280393 21.24051742511397 18.93720678968581 23.395881519497436 27.330880456155185 23.48360310665837 24.13474014489179 17.22134660034026 31.127483899259833 24.463640419734496 22.818372984732296 21.81387262498414 23.855908908910422 27.629022483205077 24.336322118171342 23.84076914936586 27.635722454885336 21.049394140108515 26.713760694227144 26.780311566089573 24.7533251216838 28.091052015033192 19.238177124238486 27.86826237398815 22.40383097931849 22.585728265403255 27.048244763010313 19.92698081549826 23.34569366093867 27.795424536450145 28.207400542281228 27.88386229710349 27.970354931450885 30.9927242768046 24.5924882657227 24.788569271360156 26.546810128569746 24.38170453262856 22.530700717520418 26.16481889022918 27.034018559102556 25.15440032925845 27.07291049860695 26.066104940306285 26.6209731089824 22.546285424881862 18.866843761779492 25.598766250761166 30.361795064586765 27.269530183488868 24.453821349865603 30.891889485682803 23.192999677392958 25.795986744586763 23.826201326335433 24.028944467922685 27.75454011870055 25.84294437034512 24.915585791715944 31.740797702744004 27.440958448924757 23.381563615853516 29.963998465518912 27.873011274661646 28.819606726901142 22.07239700575319 23.982317204564144 26.00410761129555 21.821715583957346 24.24954392283606 27.230390975373176 30.43718327708182 26.606246648006117 29.060482046411856 25.02899474937481 24.19229068091297 24.00404548486486 30.797463706269816 24.120299328877962 22.765402974812684 22.214709758757873 23.976003848272235 27.11958014997276
16.10924412717088 21.12726924076997 18.35889540064147 18.587832563537184 24.93866411328451 21.734514778585005 20.96511162100736 21.914636040955145 24.408350151622596 28.04843247075829 19.786454328622074 23.13407989089175 27.62416596084188 25.69400835756086 21.782489208671166 0.0 23.771203524297253 25.164944065639887 23.745031808267345 25.98369088280932 24.17449673392246 22.543237743208834 22.438595769268538 24.79553960048729 24.536075995329426 24.01699977457116 22.990027968794326 25.347011173088028 25.19008033785619 22.87240925686179 21.229760133416296 25.456987168239145 21.30705918327735 21.3383046189851 22.8112077316142 22.362548234499883 22.757160248342394 23.091507144847583 20.86682798232596 23.081312488784274 19.302056314491715 23.175782869091364 26.37811102042952 21.083558578845803 26.338987663559493 24.511535141457156 22.44265542573441 24.985024401933217 23.60833325477109 23.525356877944503 23.68895258512841 28.055108142702792 24.377966490943304 19.932862061906903 26.8396897424831 27.17711314955173 26.54879795375535 21.36017249262888 19.72802053824499 31.12848506109618 24.937367951363388 19.060467840883724 22.399100891260932 26.243525423251658 26.70379356237268 22.059854028659473 21.528214360431342 25.275592705667197 24.238961416878738 26.654284568096465 22.526992682976516 24.033639708179987 24.02200749009201 25.510043788049064 27.871025068846176 20.00137311719841 23.834444245648164 28.228376838753015 25.154755020156742 23.7493919132611 32.16533839533966 20.258504579775572 28.410169544947635 28.58453204907146 27.578472615129527 24.354442915779963 21.762030181683226 25.25760306468256 26.416914185232756 23.218597027080136 21.08419316348427 19.592437333594496 26.52722275712847 28.606811522343232 20.86943158562562 25.27041509432984 25.65216055043732 21.460123468652714 22.977313313945043 29.446226641764106 23.139196496608157 27.861895841324746 24.839109109960493 22.752122913871492 25.291337232003773 17.55716565597985 25.24938720389138 22.784134140086465 21.41901635323312 28.299247485560592 25.945383450161422 24.365945229963838 27.404901828430916 26.135226702649618 28.863310733584974 29.6865477800988 25.576696134293716 22.465870640310612 27.567775402976785 21.891189468503494 28.976669715378556 25.538383834702955 22.188046430888942 27.277695842346816 29.613067581091183 27.748602484821177 28.775549201317883 23.570954927353206 22.04558397021121 24.027816607641636 23.468034465034936 25.58337064904316 23.498369831292596 27.897189978205255
