0.0 17.54739562844339 15.925059066271858 15.544107331552208 18.967261823710718 16.66818244674814 16.01938487607445 15.460658248605295 14.294954398904597 16.135831956660592 16.045257846950566 18.71656425281176 16.080879099950984 16.1901214309555 17.25777083052233 16.014089271946794 15.930382557329258 18.016594955175265 17.099854733412315 17.244017602006743 15.184963832535159 15.036808509330278 16.122732729166277 17.592527400117884 15.304319791084142
17.54739562844339 0.0 19.534824066875423 28.646525742198747 27.128770950209066 16.114085546650855 16.68732114474522 21.31328668059239 26.44407223730195 22.37168011695259 18.648937914911542 28.190904255729833 21.955035294586192 25.812031203644167 20.137144692354262 23.409412416572486 24.75164694513324 26.247049047751865 18.472406242538813 28.615270246302316 22.991628875894627 28.35634908818224 19.834462689116286 18.935111064215896 23.2304710851161
15.925059066271858 19.534824066875423 0.0 23.60065052629511 23.843599251153346 18.689330652451485 20.534830260970065 18.346523106645094 16.591811470396202 21.458642012780874 16.30930905949886 27.036008415539992 20.924229857288868 16.0229298485579 21.416727214168976 21.408037714438233 19.782388235597054 21.553970170629196 18.3687958974496 24.58858261451991 20.986655984651854 21.333360780464126 19.663445481046395 18.566617119666244 18.431459105268548
15.544107331552208 28.646525742198747 23.60065052629511 0.0 15.034604692460187 24.168195114862662 24.327982547739857 16.912993391023637 18.40875723095879 26.207108398290615 23.58215735356043 19.47744897225907 24.98201467537956 22.324026000757943 24.820258309549075 19.05855922887511 16.61834007871319 23.826572193468166 28.431122428687857 24.208062840102844 19.451962641055385 20.407543754347582 25.84065167920763 24.25840007670185 23.0870309981878
18.967261823710718 27.128770950209066 23.843599251153346 15.034604692460187 0.0 25.746073357426127 21.038157242426337 16.229843921859086 18.85466382818298 21.43038050004184 26.78236284507836 22.806539854232273 22.408452051785453 25.822927194208102 24.59677807732221 23.979620500863927 17.461201106475208 29.378725875868483 26.201580522316767 26.766456120735153 21.21800592910528 25.04290802952813 26.211935870959238 28.176476323344257 26.744205026362607
16.66818244674814 16.114085546650855 18.689330652451485 24.168195114862662 25.746073357426127 0.0 21.51267356049554 22.833267154671894 22.705098962818965 23.06261096351909 18.123250339669625 25.62994176901336 23.4874637470051 23.254375916645063 19.943677564102728 19.78407972202711 20.088434907697405 22.477683204840883 21.0266646735211 28.673906622777274 27.785668323645254 24.89141323481098 18.360965827213587 17.90643029919967 21.353338448829582
16.01938487607445 16.68732114474522 20.534830260970065 24.327982547739857 21.038157242426337 21.51267356049554 0.0 19.49239746979907 20.28262083763991 21.69177889965259 23.120635149262796 26.124375809169745 18.04398546359826 22.047605996698096 21.21104102436079 21.070430820527896 19.346806599568005 29.038867585570642 18.315469360768407 25.600486606033893 22.795987738962655 25.304398290418035 22.725544878489828 22.60292571533376 25.30130231484503
15.460658248605295 21.31328668059239 18.346523106645094 16.912993391023637 16.229843921859086 22.833267154671894 19.49239746979907 0.0 14.979549271114573 23.41052618713387 22.972987483249362 21.233726849510607 19.867727897004944 18.550403859845353 20.496795093002262 21.216976000723665 18.556950648616922 25.81341176802331 24.00065035737112 25.010060751096557 19.182135355609027 24.06025381274722 21.392790289532826 20.71667348460758 23.736125986976578
14.294954398904597 26.44407223730195 16.591811470396202 18.40875723095879 18.85466382818298 22.705098962818965 20.28262083763991 14.979549271114573 0.0 21.530122371776713 21.771578036694706 22.604753656927343 17.759941426746394 17.061395269540103 21.196656412505025 21.202483797941223 16.74223051675475 23.86702573430868 24.68584631241737 24.68801014789826 20.108649890009044 20.125443067155054 24.67668536285327 19.955520657020603 22.43757231066086
16.135831956660592 22.37168011695259 21.458642012780874 26.207108398290615 21.43038050004184 23.06261096351909 21.69177889965259 23.41052618713387 21.530122371776713 0.0 19.89636995966216 25.023186426301717 19.75429114329047 22.074479836577222 21.41965896776413 25.055434730436914 21.414674763482957 24.84475607316294 21.12353472075004 23.529904359117435 20.336089336228735 23.982439543285718 25.08653202991794 25.86186032125973 17.0692791586517
16.045257846950566 18.648937914911542 16.30930905949886 23.58215735356043 26.78236284507836 18.123250339669625 23.120635149262796 22.972987483249362 21.771578036694706 19.89636995966216 0.0 23.461281197681966 23.16281976658769 19.365123905682108 20.54863373648054 21.767829825623853 21.5026412162164 17.727142562738937 22.10988928672298 25.61104393418982 23.107187052943956 22.976795366542213 18.61967641373675 14.765551510414467 19.514749951885566
18.71656425281176 28.190904255729833 27.036008415539992 19.47744897225907 22.806539854232273 25.62994176901336 26.124375809169745 21.233726849510607 22.604753656927343 25.023186426301717 23.461281197681966 0.0 23.278279666591388 22.8802083547575 25.8950479043215 21.471058141664315 23.785199914089112 24.222768147861753 31.44865906435637 28.38583655046726 26.02044700653176 23.464955692185804 27.195667368659922 26.866877898821976 26.510432032024887
16.080879099950984 21.955035294586192 20.924229857288868 24.98201467537956 22.408452051785453 23.4874637470051 18.04398546359826 19.867727897004944 17.759941426746394 19.75429114329047 23.16281976658769 23.278279666591388 0.0 17.777422922584563 21.956631429797856 22.585275629231088 24.48111038830612 28.504436606760372 19.290644346451792 26.63395804815601 22.170819421462575 19.87752620535001 24.189465845057526 23.51388155717963 23.838431444940873
16.1901214309555 25.812031203644167 16.0229298485579 22.324026000757943 25.822927194208102 23.254375916645063 22.047605996698096 18.550403859845353 17.061395269540103 22.074479836577222 19.365123905682108 22.8802083547575 17.777422922584563 0.0 26.453412694423204 20.001441711340625 20.777745181187967 26.08222764258346 27.19454351936012 22.047191289144735 23.88646094971703 24.719761374486957 21.27934268901131 22.648977100325194 24.766632243418425
17.25777083052233 20.137144692354262 21.416727214168976 24.820258309549075 24.59677807732221 19.943677564102728 21.21104102436079 20.496795093002262 21.196656412505025 21.41965896776413 20.54863373648054 25.8950479043215 21.956631429797856 26.453412694423204 0.0 24.972240143842487 23.374473439697987 18.229587678449494 25.819779207748024 28.65229672370554 24.324901179493533 23.37369124428644 20.49769428399848 20.201840478552704 24.640937115055916
16.014089271946794 23.409412416572486 21.408037714438233 19.05855922887511 23.979620500863927 19.78407972202711 21.070430820527896 21.216976000723665 21.202483797941223 25.055434730436914 21.767829825623853 21.471058141664315 22.585275629231088 20.001441711340625 24.972240143842487 0.0 23.647397279702847 26.20822526594455 23.178539939430916 27.411445744971285 21.736447027771767 25.403873833779816 23.881237690145465 20.793338724324784 23.55227030035554
15.930382557329258 24.75164694513324 19.782388235597054 16.61834007871319 17.461201106475208 20.088434907697405 19.346806599568005 18.556950648616922 16.74223051675475 21.414674763482957 21.5026412162164 23.785199914089112 24.48111038830612 20.777745181187967 23.374473439697987 23.647397279702847 0.0 22.670341857134428 24.50972948013945 24.113262104969717 22.46121172821439 24.98465587843549 20.96672881964415 19.942016922760413 22.07924280879019
18.016594955175265 26.247049047751865 21.553970170629196 23.826572193468166 29.378725875868483 22.477683204840883 29.038867585570642 25.81341176802331 23.86702573430868 24.84475607316294 17.727142562738937 24.222768147861753 28.504436606760372 26.08222764258346 18.229587678449494 26.20822526594455 22.670341857134428 0.0 27.789990573358047 21.80186423159743 24.92875674661587 19.650772472668063 23.7031805751175 20.82826332568325 19.82241174844232
17.099854733412315 18.472406242538813 18.3687958974496 28.431122428687857 26.201580522316767 21.0266646735211 18.315469360768407 24.00065035737112 24.68584631241737 21.12353472075004 22.10988928672298 31.44865906435637 19.290644346451792 27.19454351936012 25.819779207748024 23.178539939430916 24.50972948013945 27.789990573358047 0.0 25.94051776274966 20.38484699793051 21.632256455751573 21.709059848416082 18.24166963643419 20.500021351837397
17.244017602006743 28.615270246302316 24.58858261451991 24.208062840102844 26.766456120735153 28.673906622777274 25.600486606033893 25.010060751096557 24.68801014789826 23.529904359117435 25.61104393418982 28.38583655046726 26.63395804815601 22.047191289144735 28.65229672370554 27.411445744971285 24.113262104969717 21.80186423159743 25.94051776274966 0.0 21.35520927483359 18.671618887806474 24.854100943434144 26.275965971299428 18.67587595901828
15.184963832535159 22.991628875894627 20.986655984651854 19.451962641055385 21.21800592910528 27.785668323645254 22.795987738962655 19.182135355609027 20.108649890009044 20.336089336228735 23.107187052943956 26.02044700653176 22.170819421462575 23.88646094971703 24.324901179493533 21.736447027771767 22.46121172821439 24.92875674661587 20.38484699793051 21.35520927483359 0.0 16.78890780438563 23.261052784901334 23.279860573992842 18.731816483020186
15.036808509330278 28.35634908818224 21.333360780464126 20.407543754347582 25.04290802952813 24.89141323481098 25.304398290418035 24.06025381274722 20.125443067155054 23.982439543285718 22.976795366542213 23.464955692185804 19.87752620535001 24.719761374486957 23.37369124428644 25.403873833779816 24.98465587843549 19.650772472668063 21.632256455751573 18.671618887806474 16.78890780438563 0.0 26.91092609408431 23.915004371387923 19.240156492585044
16.122732729166277 19.834462689116286 19.663445481046395 25.84065167920763 26.211935870959238 18.360965827213587 22.725544878489828 21.392790289532826 24.67668536285327 25.08653202991794 18.61967641373675 27.195667368659922 24.189465845057526 21.27934268901131 20.49769428399848 23.881237690145465 20.96672881964415 23.7031805751175 21.709059848416082 24.854100943434144 23.261052784901334 26.91092609408431 0.0 19.51036879887957 22.02140289392807
17.592527400117884 18.935111064215896 18.566617119666244 24.25840007670185 28.176476323344257 17.90643029919967 22.60292571533376 20.71667348460758 19.955520657020603 25.86186032125973 14.765551510414467 26.866877898821976 23.51388155717963 22.648977100325194 20.201840478552704 20.793338724324784 19.942016922760413 20.82826332568325 18.24166963643419 26.275965971299428 23.279860573992842 23.915004371387923 19.51036879887957 0.0 21.965937109547873
15.304319791084142 23.2304710851161 18.431459105268548 23.0870309981878 26.744205026362607 21.353338448829582 25.30130231484503 23.736125986976578 22.43757231066086 17.0692791586517 19.514749951885566 26.510432032024887 23.838431444940873 24.766632243418425 24.640937115055916 23.55227030035554 22.07924280879019 19.82241174844232 20.500021351837397 18.67587595901828 18.731816483020186 19.240156492585044 22.02140289392807 21.965937109547873 0.0
