0.0 9.801715947319288 10.892949392156696 11.04689099719841 10.011630814870784 9.225636545233044 6.99720525678087
9.801715947319288 0.0 9.760900391299698 13.003863046846554 9.949436944704237 8.293732935510278 9.76883588354787
10.892949392156696 9.760900391299698 0.0 12.03246301315823 9.801171426138245 10.350963407135742 10.78317512941784
11.04689099719841 13.003863046846554 12.03246301315823 0.0 12.190707538970049 13.236059657294597 12.821064991973444
10.011630814870784 9.949436944704237 9.801171426138245 12.190707538970049 0.0 6.781665829510391 8.891471389001527
9.225636545233044 8.293732935510278 10.350963407135742 13.236059657294597 6.781665829510391 0.0 10.066181141418125
6.99720525678087 9.76883588354787 10.78317512941784 12.821064991973444 8.891471389001527 10.066181141418125 0.0
