0.0 9.876793512998743 11.033980464409513 11.134702515024843 12.075369620070187 11.056367228283838 12.588221646155578 9.897611032030207 12.608646201292169 13.63832212415002
9.876793512998743 0.0 7.706675228160998 10.970735511711325 12.147275358511969 10.15448137464849 11.78315456627889 14.546439576722426 11.24413297106992 9.625870577521903
11.033980464409513 7.706675228160998 0.0 9.354191296156685 9.053019581382634 10.899019301958543 9.493475544840917 12.844847200009108 10.549739468279391 10.82542639046649
11.134702515024843 10.970735511711325 9.354191296156685 0.0 10.49243948625941 10.472595925129118 8.875762764584673 12.528688304672583 9.448079824197366 12.47469883216792
12.075369620070187 12.147275358511969 9.053019581382634 10.49243948625941 0.0 12.257411566103434 8.70675502776376 12.310317812094945 8.269090424659682 8.98755320255343
11.056367228283838 10.15448137464849 10.899019301958543 10.472595925129118 12.257411566103434 0.0 11.933396225570972 15.175812244566181 8.482723723930672 12.201326738519047
12.588221646155578 11.78315456627889 9.493475544840917 8.875762764584673 8.70675502776376 11.933396225570972 0.0 13.174503573601093 9.786286567445098 7.598182078506087
9.897611032030207 14.546439576722426 12.844847200009108 12.528688304672583 12.310317812094945 15.175812244566181 13.174503573601093 0.0 14.679291181679176 12.87509501104683
12.608646201292169 11.24413297106992 10.549739468279391 9.448079824197366 8.269090424659682 8.482723723930672 9.786286567445098 14.679291181679176 0.0 11.363856284034163
13.63832212415002 9.625870577521903 10.82542639046649 12.47469883216792 8.98755320255343 12.201326738519047 7.598182078506087 12.87509501104683 11.363856284034163 0.0
