0.0 10.87991056467499 11.973829012964583 11.685241375193211 19.16103630696477 14.741346466396914 18.91154993651727 16.318858615678277 15.76363916479292 14.296768433554087 12.76786289488832 11.727633534031037 15.707463465854918 16.67441567088272 12.102553011958237 10.126320932355465 12.82662303896458 9.697192686419555 16.024670949916462 11.254321926636266 18.402252345828206 14.378755635526463 17.115473026234476 13.07888812047516 11.916691092767325 11.619166550731562 10.798956958899037 10.474524523444373 10.842003676967941 12.39324372273539 16.20303848472017 15.419809214237377 12.114787000337625 9.422173732479186 14.347055927231187 13.949498394475345 10.176587079205719 18.23342203562896 14.212198689656343 13.167878222322381 16.468336125175515 13.994656064928913 14.531388990295069
10.87991056467499 0.0 17.30176022839186 17.823146940601873 15.501531427285613 16.20736019745283 18.412792961983666 19.698088047832687 19.236941987742867 19.42607908055385 15.25133585864278 16.155927718340934 16.997199248974308 20.1890337747081 16.93677776411846 10.873881032504325 18.775365755494683 9.604779641210557 17.615466475266253 17.874314569579187 12.018476727800774 17.86753498322023 13.915775152219751 17.313182323299422 16.73417716371353 13.376583860631914 15.524893486609624 12.156891676525298 11.056394692202149 12.247938379646648 14.840046381196716 17.24487661213948 18.642392228761107 9.334916408145272 17.132441701777054 13.228882219114457 20.11311526428889 19.971331601689364 15.726339598543305 19.516936879906975 14.919724506544265 15.900909649434242 17.403140719856527
11.973829012964583 17.30176022839186 0.0 15.905516911323895 14.839250330575974 12.435071897408303 12.427685837458835 12.129228053895304 16.873859165610664 11.075492706590342 11.096755096836139 15.49830920371124 13.492699747355068 13.712273925272974 12.385985874886273 9.407541452440967 11.061200254609101 13.754676892213368 12.144069683246341 13.50846576282662 16.445719944455195 15.897240000614541 15.175789192006025 12.066940049254722 11.797658850639703 15.495884637057344 12.654946349919708 13.740916020543658 12.275139522158716 7.977068793065106 11.594465073916169 13.756578350425869 16.405692237074142 10.920260678101616 14.54628196006595 11.220985590064505 9.45035188195971 12.989380335249226 11.31503337961672 14.314018434244062 17.143574586316234 16.519215933496792 13.633861530732764
11.685241375193211 17.823146940601873 15.905516911323895 0.0 21.038070457663917 15.199012997061024 17.94557143737623 7.481394376452386 18.64426211103568 16.217888031185527 14.046909441819967 6.663149582736086 18.414934415514693 18.52356084826074 15.99542822267369 19.297177966330405 12.65447347845367 14.584034529014573 16.067552364208865 9.082944424569744 18.410698026224242 16.91861843711227 16.72821628743436 18.2665198768468 12.837457301777857 16.542431660149834 12.521902748099736 12.628687632149695 16.280285115512463 15.52322268820804 17.262879621562078 19.16828864914598 14.293444679252937 16.126692814059723 15.750172724201272 20.504767173205014 14.787589927569321 17.656490190735056 17.28969027326057 17.711366486495027 19.991274362758368 16.847037733176816 14.958584119734887
19.16103630696477 15.501531427285613 14.839250330575974 21.038070457663917 0.0 11.16416466571157 15.149291145244282 18.986019936632605 14.017580900238137 16.579623290280097 12.449433904510125 20.20160629316585 14.749679489798107 8.01685803061855 11.560873737090018 14.483696312289124 13.25046251151376 12.587686764192899 14.447770664654279 19.059966084890235 10.771289727350846 16.77865409510963 15.538006327010198 10.708623696624418 15.343594107554956 19.709663346821117 15.264736662443525 13.352021677843416 16.064180395504287 14.727807548469729 13.148331930311556 11.79573352018676 19.086152948558237 12.190534329575978 19.468426984188874 12.387066431300017 16.682320858228966 7.468689307370379 16.866169555727595 15.722412832420156 9.931146626558778 15.568489121231798 11.73270100743078
14.741346466396914 16.20736019745283 12.435071897408303 15.199012997061024 11.16416466571157 0.0 13.485738292262402 14.001734656265459 14.183051808379041 12.015973968995086 12.497271235015969 15.209682578209058 13.133652517110061 11.394851774330089 11.098927441021925 14.566605965941493 13.219616887135338 14.074686624334866 11.597322387796346 16.486761565737527 12.172856995126446 12.62460982494536 13.318205141685334 9.162121052381687 10.872450000017015 14.902488705162801 13.529674028680967 12.212213466959032 13.647195082587816 13.139387284806855 12.218620061618017 13.25321694528081 15.481002898751242 10.587131234435622 14.96369642155327 13.189661376396913 14.286964546689191 11.83632991204145 12.444490559023299 12.704347525222056 13.448376286672648 14.032709813675003 11.445274349835202
18.91154993651727 18.412792961983666 12.427685837458835 17.94557143737623 15.149291145244282 13.485738292262402 0.0 13.85559349955085 15.738672882327856 13.613808834539824 10.484837297020887 14.35052031517572 11.942323430933731 16.517964207228935 17.284891860806255 13.078459613797634 13.142991793377645 16.648377000891227 11.677723341290104 16.009056001505552 11.969575755208783 13.002202953074642 13.503926791792285 13.660523736914534 17.36113109838089 10.520661026185426 17.074544999369135 14.654032229353376 15.168390226662956 11.848104973080552 12.326656235329045 12.828907348348979 11.943150653609315 14.070580564787535 14.829532136703547 12.37726221824541 15.079959759701435 16.279237998593974 13.008744596924622 14.412292896283077 15.830178623154547 9.59279085207954 9.676687745919903
16.318858615678277 19.698088047832687 12.129228053895304 7.481394376452386 18.986019936632605 14.001734656265459 13.85559349955085 0.0 20.466204873584264 14.184786949155367 14.231186625834138 8.23866363672454 16.788038732297142 16.878969556712903 16.697351118757275 16.88068224225991 15.063867910042722 16.183795452511955 14.040545485780246 8.578179757356402 17.99206901169501 18.017864111683924 15.17901534971766 16.327637385451045 12.600738117856743 17.81686897987788 16.28974255195182 16.90933746804121 17.88817996008392 11.999384089041946 15.42951380458339 18.40631230807738 19.710123599501465 15.304020340362698 15.104943018245233 18.304155740642106 14.824063686777038 15.241986365175546 14.800931000797824 18.847183340552334 20.700197413114907 18.206845535495127 15.119592624129155
15.76363916479292 19.236941987742867 16.873859165610664 18.64426211103568 14.017580900238137 14.183051808379041 15.738672882327856 20.466204873584264 0.0 13.709914987094175 13.622811651604888 16.451209785135443 16.769823712820827 14.941810244956512 13.696295449330648 17.467222806179425 12.510477118721449 14.659318667446925 10.32446356662213 16.759201202980048 11.761769925431249 9.37808783649927 16.049697472048507 11.398795857439701 14.374618043124157 17.329101472773406 12.124392866938397 11.742229060359453 13.047909799072526 17.013776750148647 14.687061988626033 10.85018564113496 13.387264228754656 14.02143707239003 18.474455591116808 15.921644538958006 11.4054896214995 15.93782257950156 16.53644497045583 13.975297649707116 11.856937766967313 12.990641183379882 12.280438553563434
14.296768433554087 19.42607908055385 11.075492706590342 16.217888031185527 16.579623290280097 12.015973968995086 13.613808834539824 14.184786949155367 13.709914987094175 0.0 16.403981794810385 18.165447485996022 11.109728642999155 11.670836932660134 12.19229315227489 14.041979275365222 12.913548107307554 18.39240834312015 10.195818465594572 17.956967183253298 8.861709673542173 11.683773522018768 14.168735646559934 11.519580055066179 14.933606077693195 11.367692911467596 10.767646062654348 13.436795126172887 13.812406902609673 13.684858113972192 12.966308564419599 13.440029290960172 12.194760433392245 14.260643921138833 11.222997589903276 14.767684337368976 9.798916749288049 13.596001895489437 12.80260023063916 11.311327557232342 14.29719311353965 14.775114255048784 14.015886554332585
12.76786289488832 15.25133585864278 11.096755096836139 14.046909441819967 12.449433904510125 12.497271235015969 10.484837297020887 14.231186625834138 13.622811651604888 16.403981794810385 0.0 12.69347150789934 14.98301067191283 15.123768257044619 15.816566558225956 12.405616843423196 9.340982517103617 9.916199165132046 13.432324912028792 13.419816496716098 13.99959915330404 13.324809652126635 11.459622513154184 12.772859890742756 13.414394888802784 17.203764096962217 12.84745631956184 8.525073529279103 13.81999743756382 9.077764658919603 11.709953102958664 11.60071753630484 13.46692150693557 9.065888503073877 15.258480803800833 10.504617745254368 11.150865999522294 12.524009680412 12.152835266662194 17.524625729732943 12.778128490642521 9.448423055651046 9.83231907387772
11.727633534031037 16.155927718340934 15.49830920371124 6.663149582736086 20.20160629316585 15.209682578209058 14.35052031517572 8.23866363672454 16.451209785135443 18.165447485996022 12.69347150789934 0.0 16.248166793348496 19.34618108974248 14.026497844464807 16.694969947203017 17.31548087216538 15.478067633969776 16.97397494359264 8.53250567029773 18.687432016172508 14.559882530913459 16.26478369382833 14.958857251461492 12.820027272791636 15.281911145517324 13.984924205064905 13.02174541625637 12.050954919358686 14.696538115605012 18.488350747616163 15.210718023968413 14.85866755354625 14.486182318843754 15.459111604253613 19.8088337796053 13.94888691354129 20.57521256675286 15.436507259759045 15.149120529868794 15.682196756062748 16.46431460302926 13.408752923127592
15.707463465854918 16.997199248974308 13.492699747355068 18.414934415514693 14.749679489798107 13.133652517110061 11.942323430933731 16.788038732297142 16.769823712820827 11.109728642999155 14.98301067191283 16.248166793348496 0.0 11.157052118472759 14.2270621638994 11.82975534435738 15.516269693240842 17.20150617504772 12.139160858268351 17.326571408104073 13.069054865619538 15.228869282955952 14.896570575528107 12.253795206069487 17.060025031891545 10.462252034155645 13.622601782031529 15.34609604539859 11.600659146691351 14.564984235048042 13.31828716694191 14.942080607069235 13.122311950202162 14.39570221158898 12.955052308400003 15.463123017030956 11.634926310024255 16.244265858497062 11.878475986222645 15.759773469521802 14.071888497732013 14.104176897857064 8.235132950296082
16.67441567088272 20.1890337747081 13.712273925272974 18.52356084826074 8.01685803061855 11.394851774330089 16.517964207228935 16.878969556712903 14.941810244956512 11.670836932660134 15.123768257044619 19.34618108974248 11.157052118472759 0.0 11.387538914828484 12.268586602559196 11.667759530124513 15.820097579557462 13.681173211885332 18.63100577070309 14.148190343199206 17.053552311096418 15.486841818896682 8.249547484694 14.630638956340082 17.56133492505457 11.193286555532012 15.496938772638234 14.96617202939053 16.725295711177225 11.241116519235087 12.908406273262337 16.918409972534157 15.429009540101802 13.011086750921521 15.132731221394724 13.360242567575023 7.51621480095789 14.37578528109992 13.462785121448018 14.430272362108928 18.122044599462253 13.875660198031586
12.102553011958237 16.93677776411846 12.385985874886273 15.99542822267369 11.560873737090018 11.098927441021925 17.284891860806255 16.697351118757275 13.696295449330648 12.19229315227489 15.816566558225956 14.026497844464807 14.2270621638994 11.387538914828484 0.0 17.04062230699937 15.988703666795065 18.177403676521397 14.768197272334206 15.958611028218032 16.083855525346454 15.394592179362231 17.547328802532366 10.43240694244582 14.247068968116984 14.818619907153517 14.815819385486815 12.536251357412095 10.546435822092535 13.310522923432055 16.631306065268216 13.171396714039414 15.853978572189792 13.38966010718252 16.58704767041096 16.754150298910886 11.452649336605571 9.257221680308856 16.275295810192024 7.83057267184532 12.18035113573681 17.72918607284809 12.799988598362045
10.126320932355465 10.873881032504325 9.407541452440967 19.297177966330405 14.483696312289124 14.566605965941493 13.078459613797634 16.88068224225991 17.467222806179425 14.041979275365222 12.405616843423196 16.694969947203017 11.82975534435738 12.268586602559196 17.04062230699937 0.0 13.872338288157124 10.089468008074704 14.627246916975217 13.915484559816342 14.492903277991545 16.004007342526513 16.29864760918729 10.165771207573242 14.561383974518586 12.069828865136008 12.635055185697787 16.363320249275368 11.455187874728274 10.290495016208384 12.01828519770299 13.054808715994739 15.066873525716538 9.75439538345883 13.943110019740658 10.271209019415128 13.391996561961426 18.07381105402358 11.942169611299764 16.53196384927345 16.962404163902878 14.824637370841799 15.09126796090502
12.82662303896458 18.775365755494683 11.061200254609101 12.65447347845367 13.25046251151376 13.219616887135338 13.142991793377645 15.063867910042722 12.510477118721449 12.913548107307554 9.340982517103617 17.31548087216538 15.516269693240842 11.667759530124513 15.988703666795065 13.872338288157124 0.0 10.495244883917527 9.182977242582009 14.486863284928802 13.426415909507737 13.699548338461724 11.611739786154581 14.710003354155072 12.841010473788593 17.190903798800413 10.11848677157116 8.557138003650108 13.82807401233727 12.309264571257282 7.149704505583647 11.941411897551614 13.857564737792387 12.289225727840595 12.723319961863075 10.092030135863803 9.209121194053116 10.830513360085135 13.14596458214191 17.292913315455554 15.442976666663974 12.72549822538963 11.504348733412353
9.697192686419555 9.604779641210557 13.754676892213368 14.584034529014573 12.587686764192899 14.074686624334866 16.648377000891227 16.183795452511955 14.659318667446925 18.39240834312015 9.916199165132046 15.478067633969776 17.20150617504772 15.820097579557462 18.177403676521397 10.089468008074704 10.495244883917527 0.0 15.057225610741046 11.975941311863364 13.592499757402923 14.537481924887677 16.52689124756351 14.121090015812207 13.188617827567544 17.190131525851655 12.785065987616177 12.511351774625027 14.321297402090401 11.551853599164533 13.42278558337743 12.300900442607231 14.625225662043642 8.925051174432316 18.95219503344076 12.470174307272986 13.839854254898707 16.729259398187125 15.456778367897865 20.121412614469968 14.020719853818763 11.7117446465351 12.977561522759132
16.024670949916462 17.615466475266253 12.144069683246341 16.067552364208865 14.447770664654279 11.597322387796346 11.677723341290104 14.040545485780246 10.32446356662213 10.195818465594572 13.432324912028792 16.97397494359264 12.139160858268351 13.681173211885332 14.768197272334206 14.627246916975217 9.182977242582009 15.057225610741046 0.0 16.160700152956057 10.220203810341705 12.835955254451898 12.308714243831545 13.325151991491236 12.959994132408962 13.74980988667297 12.216712598335297 11.240661013420379 12.313969444665915 12.138401148853118 9.36229776949237 12.572559990464265 15.725698327149885 12.620966780841469 13.250742912734777 11.863164884257305 10.603246789147386 13.609170949622138 11.669407693242517 15.56620868029874 14.681825188615399 14.620854184120686 11.422521736213925
11.254321926636266 17.874314569579187 13.50846576282662 9.082944424569744 19.059966084890235 16.486761565737527 16.009056001505552 8.578179757356402 16.759201202980048 17.956967183253298 13.419816496716098 8.53250567029773 17.326571408104073 18.63100577070309 15.958611028218032 13.915484559816342 14.486863284928802 11.975941311863364 16.160700152956057 0.0 20.254903847865275 15.402138754491034 21.27914280141798 15.650999120668638 14.297600110451706 16.198825663965177 17.169322106658555 16.96117383544326 16.678070905996115 13.25120773547981 17.691782886496462 14.929736008913574 16.084363581022966 13.090159760457091 21.83641002765993 16.404355289743016 12.473157440719824 17.693311441200215 18.60371695046033 17.82963612050147 18.4936134540726 13.580746742953039 12.900022115423434
18.402252345828206 12.018476727800774 16.445719944455195 18.410698026224242 10.771289727350846 12.172856995126446 11.969575755208783 17.99206901169501 11.761769925431249 8.861709673542173 13.99959915330404 18.687432016172508 13.069054865619538 14.148190343199206 16.083855525346454 14.492903277991545 13.426415909507737 13.592499757402923 10.220203810341705 20.254903847865275 0.0 10.90913933886635 10.6856054990288 13.348260927010495 16.95019340606355 12.498797177068118 11.976400566253924 11.472214845060178 12.468925905504731 13.178350006225584 10.620664813569213 11.069796895662872 13.55067330986413 12.22683807257311 14.019257728021255 12.73048487888597 15.639112083479633 14.164294330677897 13.791575975946955 15.504005627855111 8.579152012331253 11.963964372864067 12.440765857008167
14.378755635526463 17.86753498322023 15.897240000614541 16.91861843711227 16.77865409510963 12.62460982494536 13.002202953074642 18.017864111683924 9.37808783649927 11.683773522018768 13.324809652126635 14.559882530913459 15.228869282955952 17.053552311096418 15.394592179362231 16.004007342526513 13.699548338461724 14.537481924887677 12.835955254451898 15.402138754491034 10.90913933886635 0.0 16.64900935973686 12.564727227775222 15.540381474138337 14.212151445037629 13.356903565095772 13.002786970931643 14.011324393082077 15.360103731456368 15.026495832383898 11.31996688021936 11.088775288943571 13.114525134558782 18.29556906593958 16.201203987496232 13.06373625365367 18.316601266235292 16.341639193292703 14.519457423648626 12.067515875131818 10.883717310744085 10.753424544712118
17.115473026234476 13.915775152219751 15.175789192006025 16.72821628743436 15.538006327010198 13.318205141685334 13.503926791792285 15.17901534971766 16.049697472048507 14.168735646559934 11.459622513154184 16.26478369382833 14.896570575528107 15.486841818896682 17.547328802532366 16.29864760918729 11.611739786154581 16.52689124756351 12.308714243831545 21.27914280141798 10.6856054990288 16.64900935973686 0.0 16.928440990611815 13.076167548740768 16.567596414658844 12.886064955397996 9.032148466165392 11.304749950902698 12.009065066636515 7.178967111273232 16.761071185080826 18.767594020237567 11.03644482284538 7.517322347857935 12.233948541802475 16.031056580650564 13.416095534968418 8.13426994424358 18.645063109535613 13.9336769953695 15.556246213597264 15.191559528997852
13.07888812047516 17.313182323299422 12.066940049254722 18.2665198768468 10.708623696624418 9.162121052381687 13.660523736914534 16.327637385451045 11.398795857439701 11.519580055066179 12.772859890742756 14.958857251461492 12.253795206069487 8.249547484694 10.43240694244582 10.165771207573242 14.710003354155072 14.121090015812207 13.325151991491236 15.650999120668638 13.348260927010495 12.564727227775222 16.928440990611815 0.0 12.402448682736356 14.321216170888064 12.334161924610656 14.907269127095224 12.762342999437777 13.020570354148525 13.886467477664121 10.13341793130896 12.972265646083857 11.482662734984347 14.563835541650118 14.833145763419548 10.39762376650621 12.706451776147276 12.493577821329076 9.41071381767293 13.703224004473286 14.556152098516248 13.186353197448708
11.916691092767325 16.73417716371353 11.797658850639703 12.837457301777857 15.343594107554956 10.872450000017015 17.36113109838089 12.600738117856743 14.374618043124157 14.933606077693195 13.414394888802784 12.820027272791636 17.060025031891545 14.630638956340082 14.247068968116984 14.561383974518586 12.841010473788593 13.188617827567544 12.959994132408962 14.297600110451706 16.95019340606355 15.540381474138337 13.076167548740768 12.402448682736356 0.0 18.110831695826302 13.1587179443128 11.783567206319207 14.34216322389042 11.69020873936407 13.030768452175248 15.237638184828945 17.993406215154174 10.397282738830357 13.639381056140435 15.10440037140735 13.213216851271419 14.859395597865184 10.166238189265817 15.46346224051702 17.39255137473317 17.711477033698728 15.13926710511929
11.619166550731562 13.376583860631914 15.495884637057344 16.542431660149834 19.709663346821117 14.902488705162801 10.520661026185426 17.81686897987788 17.329101472773406 11.367692911467596 17.203764096962217 15.281911145517324 10.462252034155645 17.56133492505457 14.818619907153517 12.069828865136008 17.190903798800413 17.190131525851655 13.74980988667297 16.198825663965177 12.498797177068118 14.212151445037629 16.567596414658844 14.321216170888064 18.110831695826302 0.0 14.210674480484217 14.166693364083265 11.895908022945047 16.1634027157499 15.439146556556446 15.564293590916481 9.426618043624643 13.949250705891371 13.885414675917326 13.07584842128842 15.264154168520434 20.128747901190145 14.213197114497605 12.385034802422496 16.749970519219396 10.578771145766849 12.174021187037155
10.798956958899037 15.524893486609624 12.654946349919708 12.521902748099736 15.264736662443525 13.529674028680967 17.074544999369135 16.28974255195182 12.124392866938397 10.767646062654348 12.84745631956184 13.984924205064905 13.622601782031529 11.193286555532012 14.815819385486815 12.635055185697787 10.11848677157116 12.785065987616177 12.216712598335297 17.169322106658555 11.976400566253924 13.356903565095772 12.886064955397996 12.334161924610656 13.1587179443128 14.210674480484217 0.0 8.122449115588317 10.085540096821651 16.65049202197256 12.307790215031002 11.806223615718498 12.00958397690161 13.720912618091551 9.72245289705183 15.523242010845056 8.739665361669797 16.616505452970323 12.324111809796026 14.00905211455199 13.498046038509225 15.042632679874643 13.15265695473544
10.474524523444373 12.156891676525298 13.740916020543658 12.628687632149695 13.352021677843416 12.212213466959032 14.654032229353376 16.90933746804121 11.742229060359453 13.436795126172887 8.525073529279103 13.02174541625637 15.34609604539859 15.496938772638234 12.536251357412095 16.363320249275368 8.557138003650108 12.511351774625027 11.240661013420379 16.96117383544326 11.472214845060178 13.002786970931643 9.032148466165392 14.907269127095224 11.783567206319207 14.166693364083265 8.122449115588317 0.0 10.1736200637276 11.97145459084516 10.941457612521347 13.258298748297072 13.251264594877041 9.492318907088466 11.247481374520037 10.735164032240105 10.860348849987458 13.444038692992859 11.873987890218238 14.881857285465811 11.563057044165243 11.613928330006527 10.896484926206742
10.842003676967941 11.056394692202149 12.275139522158716 16.280285115512463 16.064180395504287 13.647195082587816 15.168390226662956 17.88817996008392 13.047909799072526 13.812406902609673 13.81999743756382 12.050954919358686 11.600659146691351 14.96617202939053 10.546435822092535 11.455187874728274 13.82807401233727 14.321297402090401 12.313969444665915 16.678070905996115 12.468925905504731 14.011324393082077 11.304749950902698 12.762342999437777 14.34216322389042 11.895908022945047 10.085540096821651 10.1736200637276 0.0 12.923079064567553 10.844538048670143 10.930505126693552 14.237662616946883 11.774026884279232 12.067888888817741 14.473086367106424 11.277060327520672 18.00925081697481 9.978607333566192 12.02133335616272 12.482287543699938 16.602741926603514 14.114888172885747
12.39324372273539 12.247938379646648 7.977068793065106 15.52322268820804 14.727807548469729 13.139387284806855 11.848104973080552 11.999384089041946 17.013776750148647 13.684858113972192 9.077764658919603 14.696538115605012 14.564984235048042 16.725295711177225 13.310522923432055 10.290495016208384 12.309264571257282 11.551853599164533 12.138401148853118 13.25120773547981 13.178350006225584 15.360103731456368 12.009065066636515 13.020570354148525 11.69020873936407 16.1634027157499 16.65049202197256 11.97145459084516 12.923079064567553 0.0 10.891125421368665 14.353389084668425 18.012210046730253 8.70780961973145 14.978085371609422 11.491343631851601 12.028041830514269 11.489385399268059 11.724302092844853 16.28337655380341 15.603080923248832 14.70396737813189 13.132958161042314
16.20303848472017 14.840046381196716 11.594465073916169 17.262879621562078 13.148331930311556 12.218620061618017 12.326656235329045 15.42951380458339 14.687061988626033 12.966308564419599 11.709953102958664 18.488350747616163 13.31828716694191 11.241116519235087 16.631306065268216 12.01828519770299 7.149704505583647 13.42278558337743 9.36229776949237 17.691782886496462 10.620664813569213 15.026495832383898 7.178967111273232 13.886467477664121 13.030768452175248 15.439146556556446 12.307790215031002 10.941457612521347 10.844538048670143 10.891125421368665 0.0 12.60957893209553 17.7131942692801 10.812467981540834 9.711202704231503 9.55879301505741 13.743170820994827 11.200017933511289 9.142322630616782 17.415440168483766 15.972098481740929 15.38912844902675 13.352828072578765
15.419809214237377 17.24487661213948 13.756578350425869 19.16828864914598 11.79573352018676 13.25321694528081 12.828907348348979 18.40631230807738 10.85018564113496 13.440029290960172 11.60071753630484 15.210718023968413 14.942080607069235 12.908406273262337 13.171396714039414 13.054808715994739 11.941411897551614 12.300900442607231 12.572559990464265 14.929736008913574 11.069796895662872 11.31996688021936 16.761071185080826 10.13341793130896 15.237638184828945 15.564293590916481 11.806223615718498 13.258298748297072 10.930505126693552 14.353389084668425 12.60957893209553 0.0 13.34257138756772 13.358726553109957 17.61353073602462 13.45106673709418 10.59021844719151 15.238228397616947 14.947880355829147 11.27617369657067 8.608571086140152 12.518973229357433 12.1658008352067
12.114787000337625 18.642392228761107 16.405692237074142 14.293444679252937 19.086152948558237 15.481002898751242 11.943150653609315 19.710123599501465 13.387264228754656 12.194760433392245 13.46692150693557 14.85866755354625 13.122311950202162 16.918409972534157 15.853978572189792 15.066873525716538 13.857564737792387 14.625225662043642 15.725698327149885 16.084363581022966 13.55067330986413 11.088775288943571 18.767594020237567 12.972265646083857 17.993406215154174 9.426618043624643 12.00958397690161 13.251264594877041 14.237662616946883 18.012210046730253 17.7131942692801 13.34257138756772 0.0 15.295247708079584 16.628912724830577 17.17547686521514 12.251881540064835 20.25383901766486 16.647202755410333 11.971103583990882 14.209375068398945 7.359839133396336 11.327124897273652
9.422173732479186 9.334916408145272 10.920260678101616 16.126692814059723 12.190534329575978 10.587131234435622 14.070580564787535 15.304020340362698 14.02143707239003 14.260643921138833 9.065888503073877 14.486182318843754 14.39570221158898 15.429009540101802 13.38966010718252 9.75439538345883 12.289225727840595 8.925051174432316 12.620966780841469 13.090159760457091 12.22683807257311 13.114525134558782 11.03644482284538 11.482662734984347 10.397282738830357 13.949250705891371 13.720912618091551 9.492318907088466 11.774026884279232 8.70780961973145 10.812467981540834 13.358726553109957 15.295247708079584 0.0 14.37590270517649 8.258784185386155 13.026935175287768 12.678353648479302 11.787712518605336 15.10609946831288 12.8693513951712 10.43245207284521 11.510205872822569
14.347055927231187 17.132441701777054 14.54628196006595 15.750172724201272 19.468426984188874 14.96369642155327 14.829532136703547 15.104943018245233 18.474455591116808 11.222997589903276 15.258480803800833 15.459111604253613 12.955052308400003 13.011086750921521 16.58704767041096 13.943110019740658 12.723319961863075 18.95219503344076 13.250742912734777 21.83641002765993 14.019257728021255 18.29556906593958 7.517322347857935 14.563835541650118 13.639381056140435 13.885414675917326 9.72245289705183 11.247481374520037 12.067888888817741 14.978085371609422 9.711202704231503 17.61353073602462 16.628912724830577 14.37590270517649 0.0 15.327010959694242 13.638565873039957 17.252443818320124 8.58441857371736 15.687536321750896 18.731044805885343 19.935694982040182 17.089752747791227
13.949498394475345 13.228882219114457 11.220985590064505 20.504767173205014 12.387066431300017 13.189661376396913 12.37726221824541 18.304155740642106 15.921644538958006 14.767684337368976 10.504617745254368 19.8088337796053 15.463123017030956 15.132731221394724 16.754150298910886 10.271209019415128 10.092030135863803 12.470174307272986 11.863164884257305 16.404355289743016 12.73048487888597 16.201203987496232 12.233948541802475 14.833145763419548 15.10440037140735 13.07584842128842 15.523242010845056 10.735164032240105 14.473086367106424 11.491343631851601 9.55879301505741 13.45106673709418 17.17547686521514 8.258784185386155 15.327010959694242 0.0 14.555647066657666 13.40307062661951 12.887898776977975 18.125277710421713 14.825369349835938 12.184739844065472 13.312374316596106
10.176587079205719 20.11311526428889 9.45035188195971 14.787589927569321 16.682320858228966 14.286964546689191 15.079959759701435 14.824063686777038 11.4054896214995 9.798916749288049 11.150865999522294 13.94888691354129 11.634926310024255 13.360242567575023 11.452649336605571 13.391996561961426 9.209121194053116 13.839854254898707 10.603246789147386 12.473157440719824 15.639112083479633 13.06373625365367 16.031056580650564 10.39762376650621 13.213216851271419 15.264154168520434 8.739665361669797 10.860348849987458 11.277060327520672 12.028041830514269 13.743170820994827 10.59021844719151 12.251881540064835 13.026935175287768 13.638565873039957 14.555647066657666 0.0 14.108848727012615 12.432834072099167 11.909998916221696 13.666938648227333 13.641347710795088 11.148471861806605
18.23342203562896 19.971331601689364 12.989380335249226 17.656490190735056 7.468689307370379 11.83632991204145 16.279237998593974 15.241986365175546 15.93782257950156 13.596001895489437 12.524009680412 20.57521256675286 16.244265858497062 7.51621480095789 9.257221680308856 18.07381105402358 10.830513360085135 16.729259398187125 13.609170949622138 17.693311441200215 14.164294330677897 18.316601266235292 13.416095534968418 12.706451776147276 14.859395597865184 20.128747901190145 16.616505452970323 13.444038692992859 18.00925081697481 11.489385399268059 11.200017933511289 15.238228397616947 20.25383901766486 12.678353648479302 17.252443818320124 13.40307062661951 14.108848727012615 0.0 17.152168626481632 14.75205738788009 13.648796411392897 16.34909934588223 12.956578535851149
14.212198689656343 15.726339598543305 11.31503337961672 17.28969027326057 16.866169555727595 12.444490559023299 13.008744596924622 14.800931000797824 16.53644497045583 12.80260023063916 12.152835266662194 15.436507259759045 11.878475986222645 14.37578528109992 16.275295810192024 11.942169611299764 13.14596458214191 15.456778367897865 11.669407693242517 18.60371695046033 13.791575975946955 16.341639193292703 8.13426994424358 12.493577821329076 10.166238189265817 14.213197114497605 12.324111809796026 11.873987890218238 9.978607333566192 11.724302092844853 9.142322630616782 14.947880355829147 16.647202755410333 11.787712518605336 8.58441857371736 12.887898776977975 12.432834072099167 17.152168626481632 0.0 15.766206645254584 17.51332908178368 17.314815755398566 14.445438752864932
13.167878222322381 19.516936879906975 14.314018434244062 17.711366486495027 15.722412832420156 12.704347525222056 14.412292896283077 18.847183340552334 13.975297649707116 11.311327557232342 17.524625729732943 15.149120529868794 15.759773469521802 13.462785121448018 7.83057267184532 16.53196384927345 17.292913315455554 20.121412614469968 15.56620868029874 17.82963612050147 15.504005627855111 14.519457423648626 18.645063109535613 9.41071381767293 15.46346224051702 12.385034802422496 14.00905211455199 14.881857285465811 12.02133335616272 16.28337655380341 17.415440168483766 11.27617369657067 11.971103583990882 15.10609946831288 15.687536321750896 18.125277710421713 11.909998916221696 14.75205738788009 15.766206645254584 0.0 13.784647679285339 15.50801705402725 16.458629410928637
16.468336125175515 14.919724506544265 17.143574586316234 19.991274362758368 9.931146626558778 13.448376286672648 15.830178623154547 20.700197413114907 11.856937766967313 14.29719311353965 12.778128490642521 15.682196756062748 14.071888497732013 14.430272362108928 12.18035113573681 16.962404163902878 15.442976666663974 14.020719853818763 14.681825188615399 18.4936134540726 8.579152012331253 12.067515875131818 13.9336769953695 13.703224004473286 17.39255137473317 16.749970519219396 13.498046038509225 11.563057044165243 12.482287543699938 15.603080923248832 15.972098481740929 8.608571086140152 14.209375068398945 12.8693513951712 18.731044805885343 14.825369349835938 13.666938648227333 13.648796411392897 17.51332908178368 13.784647679285339 0.0 12.03814721612987 10.432766440115527
13.994656064928913 15.900909649434242 16.519215933496792 16.847037733176816 15.568489121231798 14.032709813675003 9.59279085207954 18.206845535495127 12.990641183379882 14.775114255048784 9.448423055651046 16.46431460302926 14.104176897857064 18.122044599462253 17.72918607284809 14.824637370841799 12.72549822538963 11.7117446465351 14.620854184120686 13.580746742953039 11.963964372864067 10.883717310744085 15.556246213597264 14.556152098516248 17.711477033698728 10.578771145766849 15.042632679874643 11.613928330006527 16.602741926603514 14.70396737813189 15.38912844902675 12.518973229357433 7.359839133396336 10.43245207284521 19.935694982040182 12.184739844065472 13.641347710795088 16.34909934588223 17.314815755398566 15.50801705402725 12.03814721612987 0.0 8.714040574542791
14.531388990295069 17.403140719856527 13.633861530732764 14.958584119734887 11.73270100743078 11.445274349835202 9.676687745919903 15.119592624129155 12.280438553563434 14.015886554332585 9.83231907387772 13.408752923127592 8.235132950296082 13.875660198031586 12.799988598362045 15.09126796090502 11.504348733412353 12.977561522759132 11.422521736213925 12.900022115423434 12.440765857008167 10.753424544712118 15.191559528997852 13.186353197448708 15.13926710511929 12.174021187037155 13.15265695473544 10.896484926206742 14.114888172885747 13.132958161042314 13.352828072578765 12.1658008352067 11.327124897273652 11.510205872822569 17.089752747791227 13.312374316596106 11.148471861806605 12.956578535851149 14.445438752864932 16.458629410928637 10.432766440115527 8.714040574542791 0.0
