0.0 12.263394560384285 17.469491153759982 16.710490949722633 16.94677701259691 18.82904462182047 17.66490294014161 18.111779966665967 19.374006519953245 17.459459954533596 15.96094278084039 20.954549330287414 16.705715443355473 18.726448280002792 19.351414668371085 16.195155938150492 18.360883283651933 20.0101508412996 17.910390709358307 17.192250696650625 17.6970285389954 16.05736077222392 18.681547563674183 19.796474741729053 15.005661846489739 15.70244734397623 16.98163911486652 17.95354115116763 16.67893828577423 16.90948632931444 18.19359988304338 17.000036645493953 16.19009540453977 16.63777406892814 17.338827902409374
12.263394560384285 0.0 17.957398518468523 23.850904479994508 22.45584368649542 25.582440752784496 20.601526915437624 24.35424558911695 24.405719877273803 25.61705717341449 23.431950206049287 23.37463154711478 24.179057066102935 22.826473336439317 21.618572947220148 19.554116613445952 25.293529453116054 24.146140049480834 22.288504814785156 17.193447790357503 22.44777383083373 17.09794493534349 20.377803911593514 23.838634764937265 20.392882061972056 22.520314409064834 22.250632873967557 21.37495239833067 20.925409609957647 16.222265690036284 20.01992833963393 22.1903145051851 21.06966744996284 16.72599101395994 25.361763878715564
17.469491153759982 17.957398518468523 0.0 26.438722496145076 25.2693475059245 27.128770950209066 26.193054424373422 23.719049896363057 15.545657688951998 25.691491109235557 26.45553730615455 22.010863352439628 25.789634469836578 28.190904255729833 17.185795913232518 25.812031203644167 32.310176759512956 18.147419103445333 27.018180143002777 23.3671273367723 30.704663302653557 23.409412416572486 25.909364490724307 26.54891669242837 27.090362836549282 27.575175726776404 24.487345796649663 17.55767663391804 24.02486675694083 17.276654935933767 23.67415296671058 22.420007737823763 20.108057549551525 15.878420526186789 24.4364564446621
16.710490949722633 23.850904479994508 26.438722496145076 0.0 23.999775812809176 24.645910336235616 17.122699892785924 22.369777699307026 24.298631677210437 19.66941868068602 22.174703728895658 25.171749028099722 24.98978539622793 27.035778098911393 23.982560240633504 20.720214882708543 25.77322261608384 26.313881110856965 25.257523009801023 17.826720460715837 27.5846315397924 22.54585316417548 29.056044385296747 26.104585303514117 22.784446526236287 25.415527410253866 18.958198921356914 25.95568261109443 24.70059200149008 27.766966624943127 24.48742233438379 21.59775637764766 28.784385195881043 26.513523072556602 24.310080673583975
16.94677701259691 22.45584368649542 25.2693475059245 23.999775812809176 0.0 20.544926151665713 21.292649353888805 26.062284269307405 25.81736889700867 23.436970982550612 22.141091864567333 26.220425406298272 25.945636097157045 25.119591661435482 24.808203585033457 21.46352213638542 22.452230085645233 27.4890689656143 28.2553022162272 22.994078136221688 20.303859818122568 25.085245149407744 28.250086420555693 20.44209919954896 25.418737094383925 21.870457980466966 22.097907083192126 23.87020583398741 19.938331327554593 22.80852357647144 21.711798909264928 25.290609941096008 26.09740634465837 26.40331461580923 25.476044564881242
18.82904462182047 25.582440752784496 27.128770950209066 24.645910336235616 20.544926151665713 0.0 25.29659020299811 25.38333903292292 27.24578075768466 23.75103750247196 16.99278055003217 25.730259628359942 23.538467599956608 22.806539854232273 30.06321922752406 25.822927194208102 22.209965239527225 28.97543633835243 20.743150133882327 21.711995206483127 22.245146881167898 23.979620500863927 24.165958235537357 28.683828410206793 25.566452421981054 22.869532500112385 26.089099225435895 28.688514060498534 24.459910279511174 21.447904697927058 29.24116664770405 27.779291819186348 26.433270911996114 26.71852924834927 26.867064818302588
17.66490294014161 20.601526915437624 26.193054424373422 17.122699892785924 21.292649353888805 25.29659020299811 0.0 20.442571670132754 25.6804987998218 22.392384802395462 24.74702145714925 25.494949621205603 25.782151757494038 21.769305356875236 26.68113767502106 21.50533107973441 27.49769273710643 25.710904618209184 22.762380546033185 22.8398377219296 24.98664058661531 23.213009246189554 33.24408720072215 25.754920543333313 19.234988991232637 26.388247786225577 21.10808806426224 27.120888864356544 22.584980722107424 26.167610237528784 21.87853107074648 23.568137477817924 30.975217141256287 26.111218193351917 25.59706160611387
18.111779966665967 24.35424558911695 23.719049896363057 22.369777699307026 26.062284269307405 25.38333903292292 20.442571670132754 0.0 22.622238262527276 21.318662475467665 27.799118281979236 23.55102885707329 26.928636208145047 28.60245173738747 24.481589299155235 24.689224871426603 33.01114355714877 22.519663885969845 19.571494854813658 28.975740629054105 26.54957431422036 31.558552584110714 27.69299485405956 27.130132937714095 26.11294978469531 26.721612059308868 23.24512094596183 27.400540848953572 22.14781603142032 25.32641425187778 23.487580044761575 24.6313528011634 24.19077907885706 25.77764198005062 20.385326909098758
19.374006519953245 24.405719877273803 15.545657688951998 24.298631677210437 25.81736889700867 27.24578075768466 25.6804987998218 22.622238262527276 0.0 26.086031332141854 27.09858187820682 16.003555677082655 26.922598039990273 31.11071388700193 16.38033351193764 25.88331771062625 32.47406889106775 16.31205835442511 29.529760752685796 26.740135119131164 31.58585456385052 26.45671898159302 25.622170634254413 28.392107372779726 25.116342762365687 29.60977274426496 26.39601860031257 19.214511231180182 25.95164865874733 23.234351932991757 25.85894651933455 26.823659819051613 14.594323522625215 20.920351521378837 26.009823338336624
17.459459954533596 25.61705717341449 25.691491109235557 19.66941868068602 23.436970982550612 23.75103750247196 22.392384802395462 21.318662475467665 26.086031332141854 0.0 18.65197280279368 30.282659006606373 17.225574135240745 23.66818912321725 25.01264852939468 23.328260028113505 25.80082864714636 25.725109091738585 23.476796436609508 25.959729790390817 21.17377415988963 27.475330172308777 22.572105245237225 31.016283900548743 25.746387510470893 25.535680051918554 25.98956218125645 30.585605694550043 28.239318531455737 24.151538409565706 32.72151400249461 22.62888686557686 27.093859808591073 27.265930609252536 23.29856402026546
15.96094278084039 23.431950206049287 26.45553730615455 22.174703728895658 22.141091864567333 16.99278055003217 24.74702145714925 27.799118281979236 27.09858187820682 18.65197280279368 0.0 25.666901242582288 19.463889284238853 20.839556440090796 25.032884207747593 23.157483561887368 13.532734397402262 24.24064926183981 27.434332151744123 18.621244174503694 22.81380108880021 17.857258866580032 22.164766062728972 23.03023994668068 20.946195826534517 17.973241270558677 24.064391615229184 23.15731406522859 24.28764677738496 23.546466561558752 27.65738004032083 27.83082592771136 26.263237402505823 26.804026009404048 24.594267521134384
20.954549330287414 23.37463154711478 22.010863352439628 25.171749028099722 26.220425406298272 25.730259628359942 25.494949621205603 23.55102885707329 16.003555677082655 30.282659006606373 25.666901242582288 0.0 27.104117885415228 29.392986480928485 17.707210017442655 22.145723259355684 30.5285743813439 20.847962613704656 27.16190361675184 22.460923384982685 28.55257170362693 26.299644496073117 24.071944100006004 29.72851697112346 26.904951763312127 28.28456864931033 27.988311196405952 21.576531638470833 26.323621246094085 25.778905750638653 27.53252227806914 32.885986437903725 20.23197156276773 25.528545219937882 27.78262731120785
16.705715443355473 24.179057066102935 25.789634469836578 24.98978539622793 25.945636097157045 23.538467599956608 25.782151757494038 26.928636208145047 26.922598039990273 17.225574135240745 19.463889284238853 27.104117885415228 0.0 21.01089906485244 25.138313102130677 24.14323840527863 21.636308461751725 23.307118924611196 25.28282340683836 23.93972140139373 21.015266309555727 23.897130415550436 20.924587339658377 31.785733738814535 23.457685690572994 21.90445225773913 22.003897397658914 25.500118740448073 25.334072316557165 20.696299135514963 31.797707856304616 26.403351904857878 22.899005985420974 30.548940181715437 24.834132629509174
18.726448280002792 22.826473336439317 28.190904255729833 27.035778098911393 25.119591661435482 22.806539854232273 21.769305356875236 28.60245173738747 31.11071388700193 23.66818912321725 20.839556440090796 29.392986480928485 21.01089906485244 0.0 27.365259478190485 22.8802083547575 22.53619452669082 24.143697605518913 25.26125084834438 22.442868662521075 19.44716201507696 21.471058141664315 27.380333371563392 21.646395370221516 19.740746265554456 16.654815484944013 24.9051184841669 30.41818786985177 19.620409210465517 24.852607006435946 25.746092203303146 26.013742231679913 27.560652398313085 26.545910432162124 23.21168485947116
19.351414668371085 21.618572947220148 17.185795913232518 23.982560240633504 24.808203585033457 30.06321922752406 26.68113767502106 24.481589299155235 16.38033351193764 25.01264852939468 25.032884207747593 17.707210017442655 25.138313102130677 27.365259478190485 0.0 18.832007870616444 30.118738093160395 17.415559431496074 31.64611473430313 23.555204886501976 29.046380734427284 26.72421720057001 27.787189544892122 30.473921743376604 25.1234003296674 28.45405686444981 27.34172466839624 18.925435372262214 28.855056350459023 24.37570486505031 26.515084448836276 26.59906010906386 18.19589878127899 20.23122875471873 25.367703125205203
16.195155938150492 19.554116613445952 25.812031203644167 20.720214882708543 21.46352213638542 25.822927194208102 21.50533107973441 24.689224871426603 25.88331771062625 23.328260028113505 23.157483561887368 22.145723259355684 24.14323840527863 22.8802083547575 18.832007870616444 0.0 24.67700249695474 24.824763962104715 22.886169431447378 18.73458538020119 20.09014560357859 20.001441711340625 27.592431798746194 26.862753274832755 21.560283008464467 24.763204649646298 26.465528996419554 28.567952338476722 23.501798752521307 25.590818436282632 24.05634409545988 26.85731077094117 21.233748659398707 25.71231859053161 27.019679636465202
18.360883283651933 25.293529453116054 32.310176759512956 25.77322261608384 22.452230085645233 22.209965239527225 27.49769273710643 33.01114355714877 32.47406889106775 25.80082864714636 13.532734397402262 30.5285743813439 21.636308461751725 22.53619452669082 30.118738093160395 24.67700249695474 0.0 24.96478377981498 28.966115575415643 23.298084060062433 23.393388331698677 20.041869847862753 26.831154610238634 23.480970286759458 24.052243660752477 19.43891610901877 22.582031922124866 23.645782569712466 25.30978225101186 28.254757014229 29.26504925294437 29.199852461227028 27.819015473541988 29.661101823895045 27.402368513165275
20.0101508412996 24.146140049480834 18.147419103445333 26.313881110856965 27.4890689656143 28.97543633835243 25.710904618209184 22.519663885969845 16.31205835442511 25.725109091738585 24.24064926183981 20.847962613704656 23.307118924611196 24.143697605518913 17.415559431496074 24.824763962104715 24.96478377981498 0.0 28.320387288676404 26.687090623829175 27.424851092252634 26.96576215279949 24.556377448052352 28.450888455358474 24.51153782615132 26.721496708722086 25.31501601703058 19.47972731309306 25.696787814860627 25.775839581980424 27.00942818647446 28.42839521118488 18.412862419726213 20.99951171160766 23.824985299353045
17.910390709358307 22.288504814785156 27.018180143002777 25.257523009801023 28.2553022162272 20.743150133882327 22.762380546033185 19.571494854813658 29.529760752685796 23.476796436609508 27.434332151744123 27.16190361675184 25.28282340683836 25.26125084834438 31.64611473430313 22.886169431447378 28.966115575415643 28.320387288676404 0.0 27.757517572939392 23.340937287451386 28.707138345572677 21.178792104294892 31.90542333865331 22.630514987672395 29.238885914414453 27.078135702461886 28.871281588114346 25.530611330858605 25.31517646917752 29.199117702699244 21.58970604802838 26.874882627902004 26.22390804284561 24.379114300886215
17.192250696650625 17.193447790357503 23.3671273367723 17.826720460715837 22.994078136221688 21.711995206483127 22.8398377219296 28.975740629054105 26.740135119131164 25.959729790390817 18.621244174503694 22.460923384982685 23.93972140139373 22.442868662521075 23.555204886501976 18.73458538020119 23.298084060062433 26.687090623829175 27.757517572939392 0.0 25.090467012374578 14.392802241144096 26.833812776040716 25.864799467449547 20.99054446918106 21.15131863042526 19.117223723549817 24.34821914223908 22.98770340125304 23.983346953461844 25.71798860719138 27.631166247840078 24.697561569740905 23.417924727519107 29.591223043473054
17.6970285389954 22.44777383083373 30.704663302653557 27.5846315397924 20.303859818122568 22.245146881167898 24.98664058661531 26.54957431422036 31.58585456385052 21.17377415988963 22.81380108880021 28.55257170362693 21.015266309555727 19.44716201507696 29.046380734427284 20.09014560357859 23.393388331698677 27.424851092252634 23.340937287451386 25.090467012374578 0.0 25.468131603213358 20.298671941856924 27.789627509551433 25.0995166834256 18.87134768627258 23.129221770310508 29.647237810420428 19.842562597279827 22.348873354747035 25.57818789327813 27.704503558415045 26.836332754519546 27.855059841954795 27.329291406889382
16.05736077222392 17.09794493534349 23.409412416572486 22.54585316417548 25.085245149407744 23.979620500863927 23.213009246189554 31.558552584110714 26.45671898159302 27.475330172308777 17.857258866580032 26.299644496073117 23.897130415550436 21.471058141664315 26.72421720057001 20.001441711340625 20.041869847862753 26.96576215279949 28.707138345572677 14.392802241144096 25.468131603213358 0.0 27.34815570773048 21.965247013917725 17.30426928298465 20.913573422631632 22.297868599638296 22.79519375268942 22.654209564076215 21.027155784098273 22.98662240436787 24.943302705306838 23.926706995214165 20.96617301205585 27.399591140017616
18.681547563674183 20.377803911593514 25.909364490724307 29.056044385296747 28.250086420555693 24.165958235537357 33.24408720072215 27.69299485405956 25.622170634254413 22.572105245237225 22.164766062728972 24.071944100006004 20.924587339658377 27.380333371563392 27.787189544892122 27.592431798746194 26.831154610238634 24.556377448052352 21.178792104294892 26.833812776040716 20.298671941856924 27.34815570773048 0.0 32.724998776646466 28.502533497077756 23.917849988610588 30.560852697188842 27.344193002646712 30.08677213018304 24.528647917646815 32.4895853605276 27.34717530790804 23.53714926218652 26.82914133236649 26.515586855600596
19.796474741729053 23.838634764937265 26.54891669242837 26.104585303514117 20.44209919954896 28.683828410206793 25.754920543333313 27.130132937714095 28.392107372779726 31.016283900548743 23.03023994668068 29.72851697112346 31.785733738814535 21.646395370221516 30.473921743376604 26.862753274832755 23.480970286759458 28.450888455358474 31.90542333865331 25.864799467449547 27.789627509551433 21.965247013917725 32.724998776646466 0.0 22.276025789198954 19.93871893389308 25.13847378966337 24.673748681788 15.697136542604927 26.05744891627563 19.64114505990622 25.594475685345238 28.468323883716913 27.126327295235168 25.407344676999358
15.005661846489739 20.392882061972056 27.090362836549282 22.784446526236287 25.418737094383925 25.566452421981054 19.234988991232637 26.11294978469531 25.116342762365687 25.746387510470893 20.946195826534517 26.904951763312127 23.457685690572994 19.740746265554456 25.1234003296674 21.560283008464467 24.052243660752477 24.51153782615132 22.630514987672395 20.99054446918106 25.0995166834256 17.30426928298465 28.502533497077756 22.276025789198954 0.0 22.519135412292144 25.008250765424844 24.400457280722502 20.94071833740243 23.65325555320345 18.42368282451432 24.522110015511316 24.680703469115382 23.662657769456366 23.931421109264782
15.70244734397623 22.520314409064834 27.575175726776404 25.415527410253866 21.870457980466966 22.869532500112385 26.388247786225577 26.721612059308868 29.60977274426496 25.535680051918554 17.973241270558677 28.28456864931033 21.90445225773913 16.654815484944013 28.45405686444981 24.763204649646298 19.43891610901877 26.721496708722086 29.238885914414453 21.15131863042526 18.87134768627258 20.913573422631632 23.917849988610588 19.93871893389308 22.519135412292144 0.0 20.59007229117195 27.496796631862928 19.966494173994903 21.583816658584787 24.33193716898315 24.01822864908634 23.326048780879045 25.00961624963435 26.684063089166255
16.98163911486652 22.250632873967557 24.487345796649663 18.958198921356914 22.097907083192126 26.089099225435895 21.10808806426224 23.24512094596183 26.39601860031257 25.98956218125645 24.064391615229184 27.988311196405952 22.003897397658914 24.9051184841669 27.34172466839624 26.465528996419554 22.582031922124866 25.31501601703058 27.078135702461886 19.117223723549817 23.129221770310508 22.297868599638296 30.560852697188842 25.13847378966337 25.008250765424844 20.59007229117195 0.0 24.062395175321623 19.04844660820407 25.67573978468548 22.354738876558535 24.07303145976472 27.21921783436911 24.545122229452627 23.71997137165596
17.95354115116763 21.37495239833067 17.55767663391804 25.95568261109443 23.87020583398741 28.688514060498534 27.120888864356544 27.400540848953572 19.214511231180182 30.585605694550043 23.15731406522859 21.576531638470833 25.500118740448073 30.41818786985177 18.925435372262214 28.567952338476722 23.645782569712466 19.47972731309306 28.871281588114346 24.34821914223908 29.647237810420428 22.79519375268942 27.344193002646712 24.673748681788 24.400457280722502 27.496796631862928 24.062395175321623 0.0 25.679770607015456 24.062264518376846 24.289306425034738 24.417206191909642 20.780819876259027 23.646033562332377 22.03578081140939
16.67893828577423 20.925409609957647 24.02486675694083 24.70059200149008 19.938331327554593 24.459910279511174 22.584980722107424 22.14781603142032 25.95164865874733 28.239318531455737 24.28764677738496 26.323621246094085 25.334072316557165 19.620409210465517 28.855056350459023 23.501798752521307 25.30978225101186 25.696787814860627 25.530611330858605 22.98770340125304 19.842562597279827 22.654209564076215 30.08677213018304 15.697136542604927 20.94071833740243 19.966494173994903 19.04844660820407 25.679770607015456 0.0 20.841039125456753 17.58281757935081 26.87439650789529 26.28414307289299 25.134099877038302 24.135576624704257
16.90948632931444 16.222265690036284 17.276654935933767 27.766966624943127 22.80852357647144 21.447904697927058 26.167610237528784 25.32641425187778 23.234351932991757 24.151538409565706 23.546466561558752 25.778905750638653 20.696299135514963 24.852607006435946 24.37570486505031 25.590818436282632 28.254757014229 25.775839581980424 25.31517646917752 23.983346953461844 22.348873354747035 21.027155784098273 24.528647917646815 26.05744891627563 23.65325555320345 21.583816658584787 25.67573978468548 24.062264518376846 20.841039125456753 0.0 25.967207942890884 25.10231990540294 22.480152298958544 18.55596164408461 28.250080770746877
18.19359988304338 20.01992833963393 23.67415296671058 24.48742233438379 21.711798909264928 29.24116664770405 21.87853107074648 23.487580044761575 25.85894651933455 32.72151400249461 27.65738004032083 27.53252227806914 31.797707856304616 25.746092203303146 26.515084448836276 24.05634409545988 29.26504925294437 27.00942818647446 29.199117702699244 25.71798860719138 25.57818789327813 22.98662240436787 32.4895853605276 19.64114505990622 18.42368282451432 24.33193716898315 22.354738876558535 24.289306425034738 17.58281757935081 25.967207942890884 0.0 25.726936175834396 24.827544789697363 24.00515486861182 21.016058779519764
17.000036645493953 22.1903145051851 22.420007737823763 21.59775637764766 25.290609941096008 27.779291819186348 23.568137477817924 24.6313528011634 26.823659819051613 22.62888686557686 27.83082592771136 32.885986437903725 26.403351904857878 26.013742231679913 26.59906010906386 26.85731077094117 29.199852461227028 28.42839521118488 21.58970604802838 27.631166247840078 27.704503558415045 24.943302705306838 27.34717530790804 25.594475685345238 24.522110015511316 24.01822864908634 24.07303145976472 24.417206191909642 26.87439650789529 25.10231990540294 25.726936175834396 0.0 25.67196863678564 19.654909628754982 20.49078638030472
16.19009540453977 21.06966744996284 20.108057549551525 28.784385195881043 26.09740634465837 26.433270911996114 30.975217141256287 24.19077907885706 14.594323522625215 27.093859808591073 26.263237402505823 20.23197156276773 22.899005985420974 27.560652398313085 18.19589878127899 21.233748659398707 27.819015473541988 18.412862419726213 26.874882627902004 24.697561569740905 26.836332754519546 23.926706995214165 23.53714926218652 28.468323883716913 24.680703469115382 23.326048780879045 27.21921783436911 20.780819876259027 26.28414307289299 22.480152298958544 24.827544789697363 25.67196863678564 0.0 19.849504331715437 22.303379099093938
16.63777406892814 16.72599101395994 15.878420526186789 26.513523072556602 26.40331461580923 26.71852924834927 26.111218193351917 25.77764198005062 20.920351521378837 27.265930609252536 26.804026009404048 25.528545219937882 30.548940181715437 26.545910432162124 20.23122875471873 25.71231859053161 29.661101823895045 20.99951171160766 26.22390804284561 23.417924727519107 27.855059841954795 20.96617301205585 26.82914133236649 27.126327295235168 23.662657769456366 25.00961624963435 24.545122229452627 23.646033562332377 25.134099877038302 18.55596164408461 24.00515486861182 19.654909628754982 19.849504331715437 0.0 23.752293943911038
17.338827902409374 25.361763878715564 24.4364564446621 24.310080673583975 25.476044564881242 26.867064818302588 25.59706160611387 20.385326909098758 26.009823338336624 23.29856402026546 24.594267521134384 27.78262731120785 24.834132629509174 23.21168485947116 25.367703125205203 27.019679636465202 27.402368513165275 23.824985299353045 24.379114300886215 29.591223043473054 27.329291406889382 27.399591140017616 26.515586855600596 25.407344676999358 23.931421109264782 26.684063089166255 23.71997137165596 22.03578081140939 24.135576624704257 28.250080770746877 21.016058779519764 20.49078638030472 22.303379099093938 23.752293943911038 0.0
