0.0 9.876793512998766 11.033980464409545 11.134702515024843 12.075369620070216 11.056367228283845 12.588221646155585 9.897611032030184 12.608646201292185 13.638322124150033
9.876793512998766 0.0 7.706675228160995 10.970735511711299 12.147275358511965 10.154481374648473 11.783154566278874 14.54643957672242 11.244132971069915 9.625870577521898
11.033980464409545 7.706675228160995 0.0 9.354191296156653 9.05301958138263 10.899019301958516 9.493475544840893 12.844847200009108 10.549739468279373 10.825426390466477
11.134702515024843 10.970735511711299 9.354191296156653 0.0 10.492439486259382 10.472595925129095 8.875762764584662 12.528688304672547 9.448079824197354 12.474698832167908
12.075369620070216 12.147275358511965 9.05301958138263 10.492439486259382 0.0 12.25741156610341 8.706755027763743 12.31031781209495 8.269090424659668 8.987553202553421
11.056367228283845 10.154481374648473 10.899019301958516 10.472595925129095 12.25741156610341 0.0 11.933396225570954 15.17581224456615 8.48272372393066 12.201326738519025
12.588221646155585 11.783154566278874 9.493475544840893 8.875762764584662 8.706755027763743 11.933396225570954 0.0 13.17450357360107 9.7862865674451 7.5981820785060865
9.897611032030184 14.54643957672242 12.844847200009108 12.528688304672547 12.31031781209495 15.17581224456615 13.17450357360107 0.0 14.67929118167916 12.875095011046813
12.608646201292185 11.244132971069915 10.549739468279373 9.448079824197354 8.269090424659668 8.48272372393066 9.7862865674451 14.67929118167916 0.0 11.363856284034167
13.638322124150033 9.625870577521898 10.825426390466477 12.474698832167908 8.987553202553421 12.201326738519025 7.5981820785060865 12.875095011046813 11.363856284034167 0.0
