0.0 9.801715947319288 10.892949392156694 11.046890997198407 10.011630814870786 9.225636545233044 6.99720525678087
9.801715947319288 0.0 9.760900391299698 13.003863046846554 9.949436944704237 8.293732935510278 9.76883588354787
10.892949392156694 9.760900391299698 0.0 12.032463013158232 9.801171426138245 10.35096340713574 10.78317512941784
11.046890997198407 13.003863046846554 12.032463013158232 0.0 12.19070753897005 13.2360596572946 12.821064991973449
10.011630814870786 9.949436944704237 9.801171426138245 12.19070753897005 0.0 6.781665829510394 8.891471389001527
9.225636545233044 8.293732935510278 10.35096340713574 13.2360596572946 6.781665829510394 0.0 10.066181141418125
6.99720525678087 9.76883588354787 10.78317512941784 12.821064991973449 8.891471389001527 10.066181141418125 0.0
